FORPRINT: Wed Dec  9 16:33:40 2009
       5.2474899       1.1088624     0.030852518     0.036249957
       5.2777300       1.1127566     0.031334897     0.041966410
       5.3079700       1.0858115     0.028320283     0.068184300
       5.3382101       1.0981165     0.023918791     0.055474076
       5.3684602       1.1140256     0.025509176     0.031649645
       5.3987002       1.1017896     0.022406514     0.037268736
       5.4289398       1.0908341     0.018576931     0.024089237
       5.4591799       1.0637391     0.017802461     0.023601732
       5.4894199       1.0569258     0.016975742     0.024089035
       5.5196700       1.0453771     0.014712264     0.030671715
       5.5499101       1.0306875     0.015709467     0.017734361
       5.5801501       1.0297105     0.014576244     0.027600898
       5.6103902       1.0232412     0.015045169     0.025893408
       5.6406298       1.0297876     0.014780460     0.019215436
       5.6708798       1.0416031     0.012973834     0.011973993
       5.7011199       1.0335513     0.012020213     0.034240891
       5.7313600       1.0116406     0.012279887     0.026485854
       5.7616000       1.0140044     0.012063553     0.026208367
       5.7918401       1.0165461     0.012362961     0.026375184
       5.8220901       1.0217055     0.011917291     0.023897648
       5.8523302       1.0353638     0.011268373     0.015087679
       5.8825698       1.0417502     0.011198009     0.038521783
       5.9128098       1.0457512     0.010838367     0.022955757
       5.9430499       1.0614636     0.012068352     0.033740375
       5.9733000       1.0629206     0.011616100     0.026201856
       6.0035400       1.0574474     0.011848133     0.016735261
       6.0337801       1.0534407     0.011477589     0.014617381
       6.0640202       1.0509543     0.010375350     0.029475172
       6.0942602       1.0428945     0.010087553     0.031480961
       6.1245098       1.0603359    0.0099285945     0.020553935
       6.1547499       1.0514826    0.0091937451     0.015234485
       6.1849899       1.0366106    0.0088438480     0.020757014
       6.2152300       1.0405656    0.0088761950     0.012694638
       6.2454700       1.0358953    0.0086645455     0.011441625
       6.2757201       1.0335670    0.0086898915     0.015308049
       6.3059602       1.0311641    0.0089344388     0.011007938
       6.3362002       1.0205050    0.0093769502     0.011808125
       6.3664398       1.0199565     0.010240580     0.018678465
       6.3966799       1.0138508    0.0097143679    0.0094367504
       6.4269300       1.0044194    0.0086771649     0.010443425
       6.4571700      0.99989837    0.0083855274     0.017977798
       6.4874101      0.99366977    0.0085697885     0.015363028
       6.5176501      0.98082479    0.0088969444     0.014717252
       6.5478902      0.98262318    0.0094285683    0.0092358308
       6.5781398      0.98776483    0.0099236986     0.016596795
       6.6083798      0.99127091    0.0092904513     0.013413717
       6.6386199      0.97918505    0.0087253072    0.0059213416
       6.6688600      0.98633423    0.0084055049     0.011936440
       6.6991000      0.97811325    0.0082204595     0.012368343
       6.7293501      0.97987040    0.0079614976    0.0085616965
       6.7595901      0.98479668    0.0085461575     0.017004203
       6.7898302      0.98091013    0.0081918291     0.014196012
       6.8200698      0.97977703    0.0084615980     0.011000507
       6.8503098      0.97649155    0.0084614956    0.0080154731
       6.8805599      0.97863453    0.0082760976     0.017211043
       6.9108000      0.97625213    0.0082176750     0.014751719
       6.9410400      0.97688140    0.0087828904     0.018553294
       6.9712801      0.97224248    0.0087058566     0.013323803
       7.0015202      0.97195567    0.0087865684     0.013551292
       7.0317702      0.97762876    0.0083433132     0.013034375
       7.0620098      0.97532436    0.0080008292     0.014609820
       7.0922499      0.98482956    0.0081534556     0.018509502
       7.1224899      0.99505210    0.0076241376     0.017562140
       7.1527300       1.0063164    0.0069413529     0.018470266
       7.1829801       1.0153918    0.0069993879     0.015150728
       7.2132201       1.0160042    0.0078843700     0.014517169
       7.2434602       1.0159907    0.0077685238     0.015076548
       7.2737002       1.0081511    0.0086746059     0.010543663
       7.3039398       1.0196835    0.0086502102     0.011180813
       7.3341899       1.0205791    0.0092960991     0.012230294
       7.3644300       1.0217266    0.0079567978     0.024714991
       7.3946700       1.0159997    0.0079047913     0.021807985
       7.4249101       1.0154227    0.0078308336     0.015805015
       7.4551501       1.0171402    0.0076371104     0.015774844
       7.4854002       1.0150612     0.012016390     0.014529878
       7.5761199       1.0208259    0.0044650678     0.016549719
       7.6366000       1.0166965    0.0045726637     0.022642675
       7.6970901       1.0195466    0.0045125941     0.021407952
       7.7575698       1.0244737    0.0040036870     0.017127813
       7.8180499       1.0248793    0.0040846258     0.016306731
       7.8785400       1.0283015    0.0041148086     0.013155965
       7.9390202       1.0283982    0.0039832285     0.018509870
       7.9995098       1.0271755    0.0037729120     0.023301048
       8.0599899       1.0287710    0.0034653403     0.020105984
       8.1204700       1.0354590    0.0032190539     0.016496694
       8.1809597       1.0374461    0.0032633767     0.019229899
       8.2414398       1.0259139    0.0035021542     0.015559209
       8.3019199       1.0227519    0.0033663387     0.013773851
       8.3624096       1.0266566    0.0030103307     0.022111465
       7.8180499       1.0176610     0.011094928     0.021350848
       7.8785400       1.0183438     0.010687007     0.020956878
       7.9390202       1.0326593     0.010335246    0.0062585848
       7.9995098       1.0383882    0.0099704980    0.0087615351
       8.0599899       1.0311914    0.0093045555     0.012535817
       8.1204700       1.0255947    0.0090078236     0.020844736
       8.1809597       1.0316065    0.0090253091     0.014660412
       8.2414398       1.0328174    0.0086912650     0.011812805
       8.3019199       1.0315011    0.0084582510    0.0084885905
       8.3624096       1.0346265    0.0080510063    0.0053445299
       8.4228897       1.0322048    0.0077389816    0.0085597780
       8.4833698       1.0251879    0.0077116760    0.0063867464
       8.5438604       1.0202113    0.0077323874     0.011040435
       8.6043396       1.0289442    0.0076930605     0.014405033
       8.6648302       1.0278508    0.0074245340     0.013033267
       8.7253103       1.0201367    0.0072923426     0.011124648
       8.7857904       1.0113444    0.0071154191    0.0071195523
       8.8462801       1.0075544    0.0071302150    0.0050749102
       8.9067602       1.0034217    0.0069197297    0.0086305584
       8.9672403      0.99017948    0.0070263229    0.0081565185
       9.0277300      0.97892768    0.0068674806    0.0060200446
       9.0882101      0.98106791    0.0067758435    0.0038907212
       9.1486902      0.97816013    0.0067939298     0.015154254
       9.2091799      0.97103834    0.0069744148    0.0056289297
       9.2696600      0.98043914    0.0066209406    0.0066280057
       9.3301497      0.97894957    0.0063799315    0.0069007844
       9.3906298      0.98024357    0.0064076195     0.010651007
       9.4511099      0.98336669    0.0063651906    0.0079852855
       9.5115995      0.98071195    0.0061736839     0.014340720
       9.5720797      0.98859801    0.0059205300    0.0084489109
       9.6325598      0.98856247    0.0057123301    0.0090273420
       9.6930504      0.99106830    0.0054500311    0.0075009728
       9.7535295      0.99378251    0.0053305285    0.0084589547
       9.8140097      0.99798888    0.0051113504     0.010245228
       9.8745003      0.99851934    0.0050217887    0.0051236985
       9.9349804      0.99867001    0.0051617305    0.0061761982
       9.9954700       1.0029501    0.0047378672     0.016607805
       10.055950      0.99682223    0.0046354840    0.0090856759
       10.116430      0.99181334    0.0045667424    0.0079880195
       10.176920      0.98859429    0.0044837319    0.0095407524
       10.237400      0.98875187    0.0043592708    0.0092854936
       10.297880      0.98892097    0.0044543113     0.010330004
       10.358370      0.98686555    0.0044914714    0.0068577963
       10.418850      0.98574917    0.0045140078    0.0074744648
       10.479330      0.98589165    0.0045901278    0.0064137158
       10.539820      0.98631803    0.0047311332    0.0065487268
       10.600300      0.98458103    0.0047830505    0.0071213905
       10.660790      0.98144439    0.0046054753    0.0035531339
       10.721270      0.98406548    0.0044903591    0.0053987901
       10.781750      0.98637370    0.0045147721    0.0062308911
       10.842240      0.98728587    0.0045969969     0.010359581
       10.902720      0.98948641    0.0047579335    0.0042913150
       10.963200      0.99174312    0.0047728421    0.0049731509
       11.023690      0.99471472    0.0048886427     0.011849023
       11.084170      0.99379687    0.0049757681    0.0072580361
       11.144650      0.98887072    0.0048804267    0.0054944658
       11.205140      0.98367771    0.0048432336    0.0033979385
       11.265620      0.97754902    0.0048266900    0.0074158715
       11.326110      0.97568172    0.0048589937     0.010746545
       11.386590      0.97275941    0.0049028155    0.0074959623
       11.447070      0.97239601    0.0048463836    0.0040939542
       11.507560      0.97465591    0.0050356560    0.0059177518
       11.568040      0.98394517    0.0050212962    0.0032563296
       11.628520      0.98359263    0.0050589688    0.0045707526
       11.689010      0.98746101    0.0051144186    0.0052094634
       11.749490      0.98665645    0.0050378492    0.0079215865
       11.809970      0.98227234    0.0048350854    0.0024243925
       11.870460      0.98273064    0.0047913261    0.0047577727
       11.930940      0.98862049    0.0047986497    0.0084337876
       11.991430      0.98386866    0.0047541651    0.0053272034
       12.051910      0.98518301    0.0046759086    0.0045022724
       12.112390      0.98032560    0.0047555249    0.0036625588
       12.172880      0.98338412    0.0046867003    0.0038980387
       12.233360      0.98805336    0.0048567565    0.0023827277
       12.293840      0.98468837    0.0047947226    0.0080406283
       12.354330      0.98350718    0.0046543580    0.0080739950
       12.414810      0.98710891    0.0044854048    0.0079993292
       12.475290      0.99137792    0.0044631406    0.0090316702
       12.535780      0.99081610    0.0044223126    0.0094364659
       12.596260      0.99597515    0.0043456573     0.012929227
       12.656750      0.99517620    0.0043128177    0.0091339233
       12.717230      0.99241275    0.0043327325    0.0074463195
       12.777710      0.99763450    0.0043733135    0.0054742693
       12.838200      0.99658819    0.0045115935    0.0098204917
       12.898680      0.99846753    0.0045666903    0.0082884170
       12.959160      0.99877084    0.0045772988    0.0099142821
       13.019650      0.99986602    0.0045833822    0.0055958853
       13.080130      0.99923515    0.0046821944    0.0033631997
       13.140610      0.99800913    0.0047865953    0.0022129696
       13.201100       1.0003101    0.0049121075    0.0013900988
       13.261580      0.99880373    0.0050691102    0.0044246045
       13.322060      0.99487859    0.0051534023    0.0072267574
       13.382550       1.0012533    0.0052825229    0.0032638583
       13.443030       1.0003392    0.0053499932    0.0057833851
       13.503520       1.0034105    0.0054692309    0.0061530972
       13.564000       1.0095485    0.0054302651    0.0032815228
       13.624480       1.0092374    0.0054278716    0.0051034202
       13.684970       1.0138775    0.0055529082    0.0031586122
       13.745450       1.0264645    0.0056526279    0.0083063457
       13.805930       1.0255452    0.0059575146    0.0091272668
       13.866420       1.0222800    0.0057142990    0.0068219120
       13.926900       1.0238028    0.0063367641    0.0068390828
       13.987380       1.0390712    0.0064710037    0.0048287427
       14.047870       1.0432675    0.0067230925     0.014679564
       14.108350       1.0343320    0.0063755156    0.0083397237
       14.168840       1.0383946    0.0063577708    0.0072171993
       14.154030       1.0334957    0.0039888182     0.020484489
       14.238710       1.0419818    0.0035678490     0.020135296
       14.323380       1.0444945    0.0033498889     0.021997358
       14.408060       1.0532833    0.0032506717     0.025465849
       14.492740       1.0491578    0.0031807620     0.021054592
       14.577410       1.0433970    0.0032286047     0.021982972
       14.662090       1.0428798    0.0033928649     0.021962355
       14.746770       1.0413857    0.0036006503     0.015568769
       14.831450       1.0425597    0.0040060643     0.020435985
       14.916120       1.0360254    0.0038367841     0.021823960
       15.000800       1.0344833    0.0037225920     0.020440616
       15.085480       1.0376157    0.0035536571     0.016796221
       15.170150       1.0424975    0.0034344001     0.018498508
       15.254830       1.0418253    0.0032365404     0.014538938
       15.339510       1.0343975    0.0035715474    0.0098805882
       15.424180       1.0313412    0.0030951598     0.010149798
       15.508860       1.0283493    0.0027180595     0.019078711
       15.593540       1.0294382    0.0027143855     0.025314059
       15.678210       1.0345998    0.0027519102     0.012392292
       15.762890       1.0418720    0.0029025872    0.0091872536
       15.847570       1.0537663    0.0031897877     0.010071406
       15.932240       1.0543925    0.0036378739    0.0044846701
       16.016920       1.0540044    0.0039952031     0.010591184
       16.101601       1.0460496    0.0040392357    0.0056023411
       16.186279       1.0432338    0.0040452229     0.010240298
       16.270950       1.0320171    0.0040070911     0.010381811
       16.355631       1.0172037    0.0038788413    0.0074531020
       16.440310       1.0143440    0.0035230200     0.013780252
       16.524981       1.0129789    0.0032773945     0.015016867
       16.609659       1.0189642    0.0031522157     0.016531525
       16.694340       1.0203869    0.0031709740    0.0099145806
       16.779011       1.0208387    0.0033032590    0.0071827822
       16.863689       1.0210448    0.0034670102    0.0061326762
       16.948370       1.0111212    0.0035680503     0.012935532
       17.033039       1.0117274    0.0036587169    0.0088908249
       17.117720       1.0166274    0.0038305420    0.0080965054
       17.202400       1.0102582    0.0039901143     0.014094564
       17.287069       1.0184241    0.0040327224    0.0094185682
       17.371750       1.0170510    0.0039501083    0.0071062881
       17.456430       1.0191341    0.0036849890    0.0085287529
       17.541109       1.0196954    0.0034508437     0.011364819
       17.625780       1.0162648    0.0033446754     0.010150870
       17.710461       1.0104234    0.0034007896     0.013182136
       17.795139       1.0173159    0.0034409750     0.013459285
       17.879810       1.0215025    0.0036142299    0.0015988724
       17.964491       1.0097931    0.0037870090    0.0080263877
       18.049170       1.0176067    0.0042566044    0.0037063553
       18.133841       1.0100424    0.0048193328    0.0056300652
       18.218519      0.99885571    0.0047822385    0.0061861590
       18.303200       1.0024085    0.0052822792     0.010534105
       18.387871       1.0139926    0.0046452666    0.0084879964
       18.472549       1.0102916    0.0045397866    0.0051212424
       18.557230       1.0076369    0.0043897667    0.0057656654
       18.641899      0.99984251    0.0042170642    0.0077748195
       18.726580      0.99591043    0.0040451706     0.010044909
       18.811260       1.0042907    0.0039528168    0.0052079393
       18.895941       1.0070628    0.0039667659    0.0047546100
       18.980610      0.99604126    0.0040611123    0.0068811724
       19.065290      0.98761134    0.0042873460    0.0095250775
       19.149969      0.98820076    0.0047341216    0.0081903413
       19.234640      0.98612381    0.0051600735    0.0067291148
       19.319321      0.97988594    0.0056126211    0.0087374895
       19.403999      0.97461012    0.0057251692     0.011429814
       19.488670      0.96578447    0.0056106715     0.011362753
       19.573351      0.97804827    0.0055777532     0.013409941
       19.658030      0.99495248    0.0053805697    0.0064651032
       19.742701      0.98057975    0.0029247639     0.012620102
       19.827379      0.97388459    0.0049557857     0.011847523
       19.912060      0.97915125    0.0028179323    0.0049814849
       19.996731      0.98763653    0.0047703916    0.0023804680
       20.081409      0.99001470    0.0029289970     0.013714445
       20.166090      0.98332067    0.0057208917     0.024467259
       20.250771      0.99328710    0.0031831689     0.013533092
       20.335440      0.98701251    0.0060720858    0.0061950732
       20.420120      0.98450626    0.0033031681    0.0098865244
       20.504801      0.96912088    0.0064844157     0.018168716
       20.589470      0.99769788    0.0035573572     0.013752597
       20.674150      0.98366673    0.0072829358     0.014698396
       20.758829       1.0077836    0.0036207560     0.026985421
       20.843500      0.97637912    0.0066935694     0.014514593
       20.928181      0.99260167    0.0034144464     0.022193787
       21.012859      0.97070962    0.0062215508     0.023531472
       21.097530       1.0085690    0.0036641369     0.010247811
       20.928181      0.98636603    0.0034313300    0.0088962079
       21.097530      0.98702611    0.0033130851     0.011070100
       21.266890      0.99779883    0.0036040963     0.014375055
       21.436239       1.0013913    0.0035486954    0.0077951762
       21.605600      0.98578161    0.0031154067     0.015223178
       21.774950      0.98284476    0.0033141378    0.0071693052
       21.944300       1.0032910    0.0035541919    0.0070825324
       22.113661      0.98717386    0.0031407027    0.0068353942
       22.283010      0.98927580    0.0028446967     0.035545658
       22.452360      0.98328930    0.0031113531    0.0092853886
       22.621719      0.98923266    0.0033266232     0.023045863
       22.791071      0.98489625    0.0030445111    0.0097040282
       22.960430      0.97861493    0.0026491602    0.0085192067
       23.129780      0.98616482    0.0026600786    0.0057730283
       23.299129       1.0069026    0.0029443488     0.012253585
       23.468491       1.0004644    0.0029801719     0.011023174
       23.637840      0.99143729    0.0026528646     0.011905705
       23.807190      0.98322193    0.0024326706    0.0059290070
       23.976549      0.99280168    0.0024955016    0.0095876776
       24.145901      0.99838456    0.0026385007     0.014198308
       24.315260      0.98723061    0.0027929157     0.020909261
       24.484610      0.98516226    0.0028160342     0.014029239
       24.653959       1.0049684    0.0026755007     0.011270564
       24.823320       1.0057660    0.0029616962    0.0052517199
       24.992670       1.0081663    0.0029960154    0.0063380061
       25.162020       1.0092092    0.0032020686    0.0065184156
       25.331381       1.0011223    0.0030890719     0.012765954
       25.500731      0.99773506    0.0029225937    0.0070375609
       25.670090       1.0094602    0.0031332901    0.0093194116
       25.839439       1.0015099    0.0033015898    0.0063384259
       26.008789       1.0003959    0.0033202078    0.0055643374
       26.178150      0.99724070    0.0031538306    0.0076126484
       26.347500       1.0068974    0.0028769926    0.0070115551
       26.516850       1.0125967    0.0027720582    0.0078837400
       26.686211       1.0166063    0.0028717964    0.0075934198
       26.855560       1.0113646    0.0030096873    0.0047533502
       27.024920       1.0059163    0.0030810587    0.0076789978
       27.194269       1.0028876    0.0030243614    0.0037805364
       27.363621       1.0056771    0.0028790381    0.0050399279
       27.532980       1.0068145    0.0028863825    0.0089791666
       27.702330      0.99839327    0.0033213485     0.013957485
       27.871679      0.99190751    0.0037072642    0.0038914428
       28.041040      0.99545990    0.0037741457     0.014507444
       28.210390       1.0025742    0.0038820611    0.0063712300
       28.379749      0.98642273    0.0038549155    0.0048033931
       28.549101      0.98368997    0.0037186961     0.014403077
       28.718451      0.98508918    0.0036030967     0.013296150
       28.887810      0.98574732    0.0036608825    0.0066695626
       29.057159      0.98586844    0.0038931100     0.014965044
       29.226509      0.97918697    0.0039979321    0.0091495988
       29.395870      0.98622282    0.0039424754     0.016593261
       29.565220      0.97311273    0.0037388435     0.011185012
       29.734579      0.97763899    0.0035581518     0.011990655
       29.903931      0.99655151    0.0033864567    0.0051596484
       30.073280      0.99591716    0.0033773829    0.0028071044
       30.242640      0.99433753    0.0037249973    0.0055287459
       30.411989      0.99199693    0.0041207213     0.018567076
       30.581341      0.97987582    0.0042119624     0.020571251
       30.750700      0.99637024    0.0047912132    0.0082505686
       30.920050      0.99130739    0.0050649519     0.011868921
       31.089411      0.98307894    0.0054490510     0.014405742
       31.258760      0.99366652    0.0057772600    0.0072484094
       31.428110       1.0039596    0.0056700796     0.022682210
       31.597469       1.0105338    0.0061920910    0.0041132192
       31.766821       1.0006913    0.0058581189     0.010058034
       31.936171      0.98975980    0.0056032824     0.018957023
       32.105530      0.98565236    0.0055470814     0.017054280
       32.274879      0.99146358    0.0055808888     0.015139409
       32.444241      0.99900613    0.0056575680     0.013360140
       32.613590      0.99141982    0.0057248980     0.012553017
       32.782940      0.97352355    0.0057620820     0.013003336
       32.952301      0.96758835    0.0060544728     0.018348709
       33.121651      0.97940817    0.0071248634     0.018977618
       33.291000      0.99465543    0.0082947032     0.025708332
       33.460361      0.98546408    0.0091150982     0.028794890
       33.629711      0.96325846    0.0099507152     0.015993950
       33.799068      0.98297590     0.010659449     0.039209820
       33.968418      0.99792316     0.010822457     0.022382907
       34.137772      0.96918619     0.010261395     0.014971159
       34.307129      0.94773432    0.0096009099     0.025698735
       34.476479      0.96598418     0.010661127     0.020967661
       34.645828      0.99334827     0.010430888     0.018293011
       34.815189       1.0108646    0.0094809462     0.021508860
       34.984539      0.99619712    0.0099332090     0.019484600
       35.153900      0.96643928     0.010831522     0.024469718
       35.323250      0.96490749     0.012239298     0.022701978
       35.492599      0.98514121     0.015288279     0.020358454
       35.661961      0.98775124     0.018098297     0.055024037
       35.831310      0.92213598     0.020309293      0.10062858
       36.000660      0.98881459     0.020548564     0.052295962
       36.170021      0.93954467     0.019339684     0.031066906
       36.339371      0.97491279     0.019384051     0.028523011
       36.508732      0.99217404     0.019772640     0.059284932
       36.678082       1.0163189     0.019298572     0.040820504
       36.847431       1.0325703     0.020446868     0.034047803
       37.016788       1.0307789     0.023877346     0.031754326
       37.186138       1.0548802     0.025852545     0.037363829
       37.355492      0.90450806     0.028849595     0.099072044
       37.524849      0.86144857     0.030168981     0.065306703
       37.694199       1.0457676     0.041460422      0.18197933
       37.863560       1.0001585     0.046980482     0.065366243
       38.032909       1.3486025     0.078490392      0.42268321
       38.202259      0.98301827     0.046331393     0.089441774
       38.371620      0.92656750     0.045949530     0.089469358
       38.540970       1.0045637     0.052283566      0.11955988
       38.710320       1.2339058     0.059449470      0.21401506
       38.879681       1.2361380     0.075620605      0.16074494
       39.049030      0.98414655     0.078415811     0.022473187
