109 Felicitas
      8.20018  6.80134e-13  2.22453e-14
      8.30097  6.78126e-13  2.38649e-14
      8.40177  6.80454e-13  3.63793e-14
      8.50256  7.04769e-13  3.02058e-14
      8.60335  7.03223e-13  2.53578e-14
      8.70027  7.12510e-13  1.76182e-14
      8.79719  7.19366e-13  3.34775e-14
      8.89798  7.33689e-13  3.42425e-14
      8.99878  7.41705e-13  2.69864e-14
      9.09957  7.40807e-13  3.31277e-14
      9.20036  7.64283e-13  1.03898e-14
      10.2006  7.81711e-13  2.23233e-14
      10.3013  7.93234e-13  2.14363e-14
      10.4021  8.00505e-13  9.34932e-15
      10.5029  7.89600e-13  2.14955e-14
      10.5998  7.90662e-13  1.96001e-14
      10.6968  7.94991e-13  1.52676e-14
      10.7976  7.90748e-13  1.37558e-14
      10.8984  7.91424e-13  1.67257e-14
      10.9991  7.89725e-13  1.88568e-14
      11.0999  7.94306e-13  1.26734e-14
      11.2007  7.86789e-13  1.10326e-14
      11.3015  7.82658e-13  1.68542e-14
      11.4023  7.82553e-13  1.28119e-14
      11.5031  7.76289e-13  1.08095e-14
      11.6000  7.83304e-13  1.61032e-14
      11.6970  7.66268e-13  9.66955e-15
      11.7977  7.74942e-13  7.77354e-15
      11.8985  7.69300e-13  9.90259e-15
      11.9993  7.69812e-13  1.14309e-14
      12.1001  7.55603e-13  2.52343e-14
      12.2009  7.51009e-13  1.31159e-14
      12.3017  7.50893e-13  2.09842e-14
      12.4025  7.44304e-13  1.80763e-14
      12.5033  7.38838e-13  1.92489e-14
      12.6002  7.38850e-13  1.92612e-14
      12.6971  7.36210e-13  1.26804e-14
      12.7979  7.37052e-13  3.42750e-14
      12.8987  7.29955e-13  1.76980e-14
      12.9995  7.19861e-13  1.97228e-14
      13.1003  7.21142e-13  2.62841e-14
