137 Meliboea
       8.1945454   5.9350371e-13   1.0711236e-14
       8.2927272   5.9118769e-13   9.7763654e-15
       8.3909090   6.1210553e-13   6.4369457e-15
       8.4890908   6.3112956e-13   1.7756084e-14
       8.5872726   6.3056259e-13   7.4437140e-15
       8.6854545   6.5444609e-13   6.9737066e-15
       8.7836363   6.4063525e-13   1.0213847e-14
       8.8818181   6.7170379e-13   6.8323619e-15
       8.9799999   6.8935320e-13   1.4109976e-14
       9.0781817   7.1391223e-13   8.4408249e-15
       9.1763636   7.1337510e-13   1.4905969e-14
       10.256364   8.1642090e-13   1.4046507e-14
       10.354545   8.0907051e-13   5.2704308e-15
       10.452727   8.3285697e-13   1.4155585e-14
       10.550909   8.3224621e-13   1.5299924e-14
       10.649091   8.4083172e-13   1.6192541e-14
       10.747273   8.4447271e-13   7.4189502e-15
       10.845455   8.4514941e-13   3.8135212e-15
       10.943636   8.3590572e-13   7.6997055e-15
       11.041818   8.4303501e-13   4.9383174e-15
       11.140000   8.5298341e-13   1.1751766e-14
       11.238182   8.4745628e-13   6.0682690e-15
       11.336364   8.5268323e-13   1.6735734e-15
       11.434545   8.4080936e-13   1.1235695e-14
       11.532727   8.5722334e-13   6.6020102e-15
       11.630909   8.4763467e-13   7.5529085e-15
       11.729091   8.4288987e-13   1.3148443e-14
       11.827273   8.4947098e-13   9.1161590e-15
       11.925455   8.6618543e-13   9.1774812e-15
       12.023636   8.6097832e-13   5.8746196e-15
       12.121818   8.4352520e-13   7.8333546e-15
       12.220000   8.5123580e-13   1.5084441e-14
       12.318182   8.4460123e-13   8.4278161e-15
       12.416364   8.5047370e-13   6.4191558e-15
       12.514545   8.2419725e-13   1.0262102e-14
       12.612727   8.3702072e-13   5.8026325e-15
       12.710909   8.1955974e-13   1.0788065e-14
       12.809091   8.3265535e-13   1.2853946e-14
       12.907273   8.4154681e-13   7.7624530e-15
       13.005455   8.2222733e-13   4.7174330e-15
       13.103636   8.2454286e-13   7.7802336e-15
