200 Dynamene
      8.19965  3.94789e-13  1.44769e-14
      8.30045  4.09074e-13  2.26628e-14
      8.40124  4.07896e-13  2.62360e-14
      8.50009  4.21516e-13  1.92133e-14
      8.59895  4.24470e-13  2.34057e-14
      8.69975  4.37474e-13  1.92877e-14
      8.80054  4.49098e-13  2.55320e-14
      8.90133  4.42615e-13  1.65297e-14
      9.00020  4.64666e-13  2.21253e-14
      9.09904  4.73502e-13  2.85414e-14
      9.19984  4.80209e-13  2.04323e-14
      10.2000  5.40112e-13  8.55070e-15
      10.3008  5.32857e-13  1.35203e-14
      10.3997  5.34199e-13  1.11693e-14
      10.4985  5.46227e-13  1.97396e-14
      10.5993  5.41792e-13  1.45615e-14
      10.7001  5.50905e-13  1.86967e-14
      10.8009  5.49122e-13  1.03743e-14
      10.9017  5.51688e-13  1.01470e-14
      11.0006  5.42144e-13  1.33180e-14
      11.0994  5.47762e-13  1.23134e-14
      11.2002  5.44908e-13  1.08762e-14
      11.3010  5.44380e-13  6.49433e-15
      11.3999  5.47552e-13  1.50555e-14
      11.4987  5.45239e-13  1.99434e-14
      11.5995  5.49046e-13  1.14215e-14
      11.7003  5.50676e-13  1.97379e-14
      11.8011  5.44929e-13  1.17746e-14
      11.9000  5.52473e-13  1.34850e-14
      11.9988  5.48895e-13  1.65067e-14
      12.0996  5.40357e-13  2.01325e-14
      12.2004  5.38948e-13  9.69976e-15
      12.3012  5.38057e-13  1.27876e-14
      12.4000  5.36408e-13  2.19804e-14
      12.4989  5.36238e-13  1.90903e-14
      12.5997  5.40611e-13  1.61966e-14
      12.7005  5.32419e-13  1.67252e-14
      12.8013  5.33144e-13  2.38774e-14
      12.9001  5.36199e-13  1.18143e-14
      12.9990  5.34960e-13  1.52093e-14
      13.0998  5.28003e-13  1.69537e-14
