201 Penelope
      8.20051  1.95232e-13  1.93955e-14
      8.30131  2.14093e-13  1.01296e-14
      8.40210  2.12790e-13  1.08063e-14
      8.50290  2.15485e-13  8.12123e-15
      8.59981  2.16906e-13  1.20041e-14
      8.69673  2.31592e-13  9.77484e-15
      8.79752  2.28826e-13  1.08234e-14
      8.89832  2.38123e-13  5.44016e-15
      8.99911  2.43645e-13  9.07059e-15
      9.09990  2.48949e-13  1.29821e-14
      9.20070  2.60023e-13  1.69535e-14
      10.2009  2.99142e-13  5.75727e-15
      10.3017  3.01837e-13  6.94622e-15
      10.4025  3.06497e-13  6.45658e-15
      10.5033  3.08683e-13  5.14333e-15
      10.6002  3.11788e-13  6.55063e-15
      10.6971  3.21227e-13  7.17254e-15
      10.7979  3.18306e-13  5.13851e-15
      10.8987  3.14064e-13  1.23495e-14
      10.9995  3.18775e-13  8.51731e-15
      11.1003  3.23255e-13  5.30951e-15
      11.2011  3.25758e-13  4.80739e-15
      11.3019  3.27646e-13  7.08284e-15
      11.4027  3.23474e-13  6.18955e-15
      11.5016  3.29924e-13  6.86162e-15
      11.5984  3.29639e-13  5.34862e-15
      11.6973  3.24139e-13  8.91976e-15
      11.7981  3.32236e-13  4.14702e-15
      11.8989  3.33939e-13  6.84893e-15
      11.9997  3.29819e-13  1.20192e-14
      12.1005  3.28052e-13  9.24772e-15
      12.2013  3.24194e-13  7.70140e-15
      12.3020  3.28541e-13  6.42949e-15
      12.4028  3.30707e-13  9.19621e-15
      12.4998  3.20790e-13  1.26636e-14
      12.5967  3.25937e-13  1.05632e-14
      12.6975  3.26892e-13  7.79573e-15
      12.7983  3.23441e-13  9.21071e-15
      12.8991  3.22118e-13  9.94291e-15
      12.9999  3.23088e-13  1.19506e-14
      13.1006  3.24915e-13  1.06668e-14
