201 Penelope
      8.10086  1.69323e-13  2.02424e-14
      8.20165  1.72634e-13  1.70181e-14
      8.30244  1.81604e-13  1.63453e-14
      8.40324  1.74888e-13  1.65693e-14
      8.50016  1.94533e-13  1.84712e-14
      8.59707  1.93698e-13  1.04182e-14
      8.69787  1.99103e-13  8.54361e-15
      8.79866  2.09646e-13  1.20237e-14
      8.89945  2.10264e-13  1.13811e-14
      9.00025  2.18719e-13  1.22789e-14
      9.10104  2.20023e-13  1.11440e-14
      9.20183  2.25491e-13  8.62008e-15
      10.2020  2.53765e-13  7.29397e-15
      10.3028  2.59200e-13  8.33522e-15
      10.3997  2.60904e-13  7.89603e-15
      10.4966  2.59805e-13  1.30928e-14
      10.5974  2.68691e-13  1.37752e-14
      10.6982  2.67056e-13  6.66415e-15
      10.7990  2.73546e-13  7.04953e-15
      10.8998  2.69779e-13  8.36364e-15
      11.0006  2.72571e-13  4.67875e-15
      11.1014  2.71279e-13  9.32762e-15
      11.2022  2.75048e-13  1.04545e-14
      11.3030  2.74719e-13  9.87838e-15
      11.3999  2.74798e-13  5.38082e-15
      11.4968  2.76306e-13  5.74530e-15
      11.5976  2.79227e-13  8.20549e-15
      11.6984  2.70868e-13  1.05509e-14
      11.7992  2.77961e-13  1.14290e-14
      11.9000  2.83109e-13  1.01951e-14
      12.0008  2.80932e-13  1.09175e-14
      12.1016  2.75060e-13  1.47005e-14
      12.2024  2.73292e-13  1.34659e-14
      12.3032  2.80752e-13  7.23003e-15
      12.4001  2.75944e-13  1.06795e-14
      12.4970  2.74031e-13  9.60181e-15
      12.5978  2.75305e-13  6.50992e-15
      12.6986  2.71295e-13  1.19527e-14
      12.7994  2.74674e-13  1.46131e-14
      12.9002  2.78915e-13  1.09887e-14
      13.0010  2.73051e-13  1.29823e-14
      13.1018  2.72508e-13  1.70008e-14
