20 Massalia
      8.19940  5.31821e-13  2.23840e-14
      8.30020  5.48913e-13  1.61054e-14
      8.40099  5.64965e-13  1.29612e-14
      8.50178  5.55743e-13  2.12568e-14
      8.60258  5.64112e-13  3.76633e-14
      8.70148  6.00588e-13  1.79454e-14
      8.80029  5.88079e-13  2.00972e-14
      8.89910  6.06920e-13  2.15826e-14
      8.99800  6.16925e-13  2.06724e-14
      9.09879  6.15184e-13  2.53140e-14
      9.19959  6.32118e-13  2.16446e-14
      10.3006  6.97821e-13  1.60012e-14
      10.4014  6.85301e-13  1.65129e-14
      10.5022  7.05528e-13  9.03908e-15
      10.6011  6.95666e-13  1.32251e-14
      10.6999  6.95691e-13  1.89507e-14
      10.7987  7.02640e-13  1.90554e-14
      10.8976  7.06767e-13  2.20285e-14
      10.9984  7.13850e-13  2.50602e-14
      11.0992  7.20691e-13  2.04270e-14
      11.2000  7.19438e-13  1.40316e-14
      11.3007  7.16776e-13  1.12081e-14
      11.4015  7.21797e-13  9.65780e-15
      11.5023  7.21852e-13  1.70431e-14
      11.6012  7.31297e-13  1.18759e-14
      11.7000  7.27457e-13  5.27533e-15
      11.7989  7.28612e-13  1.28279e-14
      11.8978  7.31959e-13  1.10056e-14
      11.9986  7.30817e-13  2.01050e-14
      12.0993  7.20192e-13  1.68461e-14
      12.2001  7.13084e-13  1.15909e-14
      12.3009  7.16377e-13  1.41953e-14
      12.4017  7.15065e-13  8.64090e-15
      12.5025  7.17752e-13  2.12821e-14
      12.6014  7.03399e-13  2.21975e-14
      12.7002  7.09471e-13  1.41876e-14
      12.7990  7.08848e-13  1.50983e-14
      12.8979  7.05903e-13  1.30180e-14
      12.9987  7.00013e-13  1.97877e-14
      13.0995  7.05410e-13  1.10644e-14
