22 Kalliope
      8.10040  1.94638e-13  2.12308e-14
      8.20119  2.05933e-13  2.57363e-14
      8.30199  2.07418e-13  1.78035e-14
      8.40278  2.10541e-13  2.29734e-14
      8.50169  2.15937e-13  2.02730e-14
      8.59850  2.23518e-13  2.05853e-14
      8.69741  2.33018e-13  1.06725e-14
      8.79820  2.32596e-13  1.50629e-14
      8.89900  2.42367e-13  1.60325e-14
      8.99979  2.51642e-13  1.22007e-14
      9.10058  2.52810e-13  7.56746e-15
      9.20138  2.62186e-13  6.93538e-15
      10.2016  2.99803e-13  3.20345e-15
      10.3024  3.05605e-13  6.85636e-15
      10.4013  3.09538e-13  3.47792e-15
      10.5001  3.06538e-13  8.64015e-15
      10.5989  3.11155e-13  6.48122e-15
      10.6978  3.14153e-13  7.19081e-15
      10.7986  3.16385e-13  7.68496e-15
      10.8994  3.22154e-13  8.78498e-15
      11.0002  3.24414e-13  5.49264e-15
      11.1010  3.26234e-13  4.59715e-15
      11.2017  3.24062e-13  2.38719e-15
      11.3025  3.26473e-13  4.93028e-15
      11.4015  3.32126e-13  6.41143e-15
      11.4983  3.32947e-13  3.35430e-15
      11.5972  3.33584e-13  5.19226e-15
      11.6980  3.34664e-13  4.85517e-15
      11.7988  3.37778e-13  5.73569e-15
      11.8996  3.37759e-13  6.20301e-15
      12.0003  3.39352e-13  4.72362e-15
      12.1011  3.31760e-13  1.00430e-14
      12.2019  3.30196e-13  5.24318e-15
      12.3027  3.27757e-13  1.16815e-14
      12.4016  3.28147e-13  8.34174e-15
      12.4984  3.25277e-13  1.45910e-14
      12.5974  3.34991e-13  1.91284e-14
      12.6981  3.35003e-13  1.34267e-14
      12.7989  3.29465e-13  1.52677e-14
      12.8997  3.33530e-13  1.60468e-14
      13.0005  3.35769e-13  1.52871e-14
      13.1013  3.28386e-13  1.88769e-14
