22 Kalliope
      8.10179  1.57304e-13  4.54284e-14
      8.20068  1.61521e-13  2.79931e-14
      8.29951  1.72676e-13  2.04639e-14
      8.40031  1.77798e-13  1.78006e-14
      8.49914  1.76831e-13  1.71486e-14
      8.59804  1.89846e-13  1.13020e-14
      8.69884  1.91467e-13  1.64376e-14
      8.79964  1.96486e-13  1.15243e-14
      8.90044  1.97690e-13  1.54617e-14
      9.00124  2.07409e-13  1.50059e-14
      9.10204  2.10072e-13  9.92916e-15
      9.20093  2.16385e-13  7.50722e-15
      10.3000  2.51843e-13  6.76218e-15
      10.4008  2.56730e-13  7.87725e-15
      10.4996  2.57084e-13  7.24329e-15
      10.5985  2.61660e-13  7.83589e-15
      10.6993  2.64614e-13  8.17087e-15
      10.8001  2.66212e-13  5.89041e-15
      10.9009  2.70741e-13  4.28097e-15
      11.0017  2.73251e-13  5.77062e-15
      11.1006  2.73258e-13  3.40553e-15
      11.1995  2.72710e-13  4.25418e-15
      11.3003  2.74100e-13  6.06801e-15
      11.3991  2.74939e-13  5.31795e-15
      11.4980  2.77165e-13  3.39359e-15
      11.5988  2.82262e-13  6.76367e-15
      11.6996  2.79874e-13  5.59875e-15
      11.8004  2.82964e-13  6.48772e-15
      11.9012  2.83409e-13  7.73267e-15
      12.0020  2.81812e-13  4.80437e-15
      12.1009  2.76583e-13  6.10299e-15
      12.1997  2.79727e-13  4.83952e-15
      12.3005  2.79816e-13  6.54069e-15
      12.3993  2.82265e-13  1.37956e-14
      12.4982  2.73885e-13  1.05092e-14
      12.5990  2.75879e-13  7.69249e-15
      12.6998  2.77017e-13  8.42526e-15
      12.8006  2.82839e-13  1.64377e-14
      12.9014  2.79534e-13  1.50935e-14
      13.0003  2.84244e-13  1.19806e-14
      13.0991  2.84015e-13  9.06777e-15
      13.1999  2.88977e-13  9.29359e-15
