22 Kalliope
      8.10281  1.52378e-13  3.24534e-14
      8.19975  1.61368e-13  1.40699e-14
      8.29667  1.56890e-13  1.19343e-14
      8.39748  1.76436e-13  1.19368e-14
      8.49829  1.74269e-13  1.07693e-14
      8.59909  1.78447e-13  1.48530e-14
      8.69990  1.83647e-13  1.54304e-14
      8.80070  1.86716e-13  9.33854e-15
      8.90151  1.87142e-13  1.17647e-14
      9.00232  2.00949e-13  8.63172e-15
      9.10312  2.00732e-13  8.16188e-15
      9.20005  2.05802e-13  7.62676e-15
      10.2973  2.46245e-13  6.77918e-15
      10.3981  2.47374e-13  4.77674e-15
      10.4989  2.47133e-13  1.30263e-14
      10.5997  2.52885e-13  4.44806e-15
      10.7005  2.54531e-13  5.22715e-15
      10.8013  2.59611e-13  5.42968e-15
      10.9021  2.63104e-13  3.14308e-15
      11.0029  2.67672e-13  4.72290e-15
      11.0999  2.62762e-13  8.52580e-15
      11.1968  2.66169e-13  6.73265e-15
      11.2976  2.68223e-13  4.10679e-15
      11.3984  2.71053e-13  7.34779e-15
      11.4992  2.71343e-13  3.57516e-15
      11.6000  2.72517e-13  6.31384e-15
      11.7008  2.77815e-13  1.19084e-14
      11.8016  2.83384e-13  8.27737e-15
      11.9024  2.81761e-13  4.11361e-15
      12.0032  2.78115e-13  7.13779e-15
      12.1002  2.72210e-13  5.88513e-15
      12.1971  2.70266e-13  3.55600e-15
      12.2979  2.76923e-13  9.73333e-15
      12.3987  2.72645e-13  7.91543e-15
      12.4995  2.72692e-13  1.10866e-14
      12.6003  2.76429e-13  1.25265e-14
      12.7011  2.75496e-13  8.56832e-15
      12.8019  2.79516e-13  9.07797e-15
      12.9027  2.80061e-13  1.24418e-14
      12.9997  2.71305e-13  9.18123e-15
      13.0966  2.76872e-13  4.35040e-15
      13.1974  2.75577e-13  9.01191e-15
