240 Vanadis
      8.19883  5.04930e-13  2.21644e-14
      8.29962  5.17166e-13  2.67446e-14
      8.40041  5.20547e-13  2.00463e-14
      8.50121  5.35675e-13  3.57500e-14
      8.60200  5.34403e-13  2.87105e-14
      8.70280  5.36183e-13  3.52431e-14
      8.80172  5.51364e-13  2.68644e-14
      8.89850  5.43946e-13  3.77910e-14
      8.99743  5.62478e-13  1.99521e-14
      9.09822  5.70706e-13  2.00221e-14
      9.19901  5.76681e-13  2.55398e-14
      10.3000  5.96435e-13  1.50170e-14
      10.4008  5.90496e-13  1.52723e-14
      10.5016  5.91880e-13  1.76802e-14
      10.6024  5.91348e-13  1.66084e-14
      10.7032  5.97444e-13  2.26179e-14
      10.8001  5.81030e-13  1.70834e-14
      10.8970  5.93215e-13  5.41309e-15
      10.9978  5.90723e-13  7.23005e-15
      11.0986  5.94302e-13  9.36204e-15
      11.1994  5.94931e-13  1.17623e-14
      11.3002  5.88534e-13  8.86835e-15
      11.4010  5.87507e-13  1.11806e-14
      11.5018  5.82940e-13  7.41049e-15
      11.6026  5.89751e-13  1.32017e-14
      11.7015  5.82906e-13  1.26620e-14
      11.7983  5.77997e-13  1.06833e-14
      11.8972  5.83597e-13  1.34031e-14
      11.9980  5.77642e-13  2.04751e-14
      12.0988  5.73672e-13  1.41066e-14
      12.1996  5.68951e-13  1.28693e-14
      12.3004  5.68104e-13  1.20562e-14
      12.4012  5.69482e-13  1.15888e-14
      12.5019  5.61441e-13  2.41341e-14
      12.6027  5.59505e-13  1.62295e-14
      12.7017  5.56466e-13  1.61658e-14
      12.7984  5.61038e-13  1.47956e-14
      12.8974  5.52920e-13  1.01074e-14
      12.9982  5.53343e-13  1.27067e-14
      13.0990  5.48525e-13  1.24609e-14
      13.1998  5.50853e-13  7.09771e-15
