24 Themis
      8.10252  1.48772e-13  2.83261e-14
      8.20145  1.58519e-13  1.64643e-14
      8.29825  1.57823e-13  1.71529e-14
      8.39718  1.71262e-13  1.46449e-14
      8.49799  1.79007e-13  1.20180e-14
      8.59879  1.77781e-13  7.38801e-15
      8.69960  1.80608e-13  1.62498e-14
      8.80040  1.91522e-13  1.41706e-14
      8.90121  1.90595e-13  1.04263e-14
      9.00202  2.10848e-13  1.43615e-14
      9.10282  2.05766e-13  1.22983e-14
      9.20176  2.13934e-13  8.23862e-15
      10.2001  2.58144e-13  7.43259e-15
      10.2970  2.61757e-13  9.53669e-15
      10.3978  2.66080e-13  7.37595e-15
      10.4986  2.68556e-13  8.36061e-15
      10.5994  2.75444e-13  1.07132e-14
      10.7002  2.75754e-13  7.49148e-15
      10.8010  2.79199e-13  8.95895e-15
      10.9018  2.85933e-13  5.53809e-15
      11.0026  2.89023e-13  6.73313e-15
      11.1016  2.90689e-13  6.33159e-15
      11.1984  2.90841e-13  4.45408e-15
      11.2973  2.94632e-13  4.16063e-15
      11.3981  2.99426e-13  6.25141e-15
      11.4989  3.00404e-13  7.45850e-15
      11.5997  3.03318e-13  5.88193e-15
      11.7005  3.04794e-13  6.02034e-15
      11.8013  3.09847e-13  3.38046e-15
      11.9021  3.08616e-13  4.97696e-15
      12.0029  3.09895e-13  6.57106e-15
      12.0999  3.04935e-13  8.09866e-15
      12.1968  3.08088e-13  7.75708e-15
      12.2976  3.08315e-13  4.70965e-15
      12.3984  3.11511e-13  7.39139e-15
      12.4992  3.15582e-13  1.65237e-14
      12.6000  3.15002e-13  1.84105e-14
      12.7008  3.18276e-13  1.14795e-14
      12.8016  3.14556e-13  1.63154e-14
      12.9024  3.21743e-13  1.41352e-14
      13.0014  3.16057e-13  1.29912e-14
      13.0982  3.22635e-13  8.61878e-15
      13.1971  3.19143e-13  1.37851e-14
