25 Phocaea
      8.19934  5.29198e-13  2.95301e-14
      8.30014  5.35926e-13  2.88556e-14
      8.40094  5.42564e-13  2.68081e-14
      8.50174  5.60694e-13  2.36021e-14
      8.60254  5.52640e-13  2.02742e-14
      8.70145  5.54658e-13  4.96504e-14
      8.80026  5.64197e-13  1.63937e-14
      8.89908  5.68314e-13  3.09295e-14
      8.99799  5.62857e-13  3.30958e-14
      9.09879  5.73042e-13  2.41311e-14
      9.19959  5.77975e-13  2.41316e-14
      10.3006  6.00630e-13  1.09894e-14
      10.4014  6.00944e-13  1.55177e-14
      10.5022  5.95047e-13  1.52803e-14
      10.6011  5.94618e-13  1.25189e-14
      10.7000  5.90239e-13  1.03713e-14
      10.7988  5.92798e-13  1.25930e-14
      10.8977  5.86812e-13  1.12940e-14
      10.9985  5.93091e-13  1.08534e-14
      11.0993  5.90389e-13  9.88972e-15
      11.2001  5.82754e-13  1.56339e-14
      11.3009  5.84129e-13  6.59698e-15
      11.4017  5.79047e-13  1.07024e-14
      11.5025  5.81480e-13  9.84417e-15
      11.6014  5.75869e-13  8.52715e-15
      11.7002  5.79134e-13  1.42356e-14
      11.7990  5.78979e-13  6.12232e-15
      11.8979  5.78046e-13  5.07975e-15
      11.9987  5.72494e-13  9.48030e-15
      12.0995  5.71334e-13  1.14351e-14
      12.2003  5.53404e-13  1.83927e-14
      12.3011  5.52051e-13  1.71437e-14
      12.4019  5.46132e-13  1.35179e-14
      12.5008  5.44430e-13  2.12797e-14
      12.5996  5.53711e-13  1.83529e-14
      12.7004  5.46061e-13  1.90465e-14
      12.7993  5.33563e-13  2.18499e-14
      12.8982  5.36761e-13  1.47961e-14
      12.9990  5.31938e-13  1.89879e-14
      13.0998  5.18159e-13  2.34609e-14
