40 Harmonia
      8.20031  2.45904e-13  1.71715e-14
      8.29913  2.53762e-13  1.18782e-14
      8.39803  2.56427e-13  2.47084e-14
      8.49883  2.65388e-13  2.28374e-14
      8.59963  2.76258e-13  2.33250e-14
      8.70043  2.77297e-13  1.11295e-14
      8.80123  2.77456e-13  1.69048e-14
      8.90203  2.82510e-13  9.99918e-15
      9.00093  2.95839e-13  5.78139e-15
      9.09975  2.85937e-13  1.43114e-14
      9.20055  2.96986e-13  8.27981e-15
      10.2977  3.23543e-13  1.34052e-14
      10.3985  3.27420e-13  8.06780e-15
      10.4993  3.26781e-13  1.17087e-14
      10.6001  3.28104e-13  9.89939e-15
      10.7009  3.28654e-13  7.67110e-15
      10.8017  3.30788e-13  5.09566e-15
      10.9025  3.35149e-13  9.05121e-15
      11.0014  3.35568e-13  5.23423e-15
      11.1002  3.37344e-13  7.15172e-15
      11.1991  3.35828e-13  8.52667e-15
      11.2980  3.37525e-13  6.48161e-15
      11.3988  3.37627e-13  6.98995e-15
      11.4996  3.40983e-13  6.38500e-15
      11.6004  3.43095e-13  5.89566e-15
      11.7012  3.40665e-13  7.63990e-15
      11.8020  3.42900e-13  1.12213e-14
      11.9009  3.42820e-13  7.71904e-15
      11.9997  3.42272e-13  7.58535e-15
      12.0985  3.39232e-13  6.89889e-15
      12.1974  3.35185e-13  6.28709e-15
      12.2982  3.39586e-13  1.15910e-14
      12.3990  3.37267e-13  8.92653e-15
      12.4998  3.39694e-13  1.64836e-14
      12.6006  3.33171e-13  1.23423e-14
      12.7014  3.29063e-13  1.00623e-14
      12.8022  3.31947e-13  1.12848e-14
      12.9011  3.31047e-13  7.40626e-15
      12.9999  3.28090e-13  1.19484e-14
      13.0988  3.29191e-13  1.13264e-14
      13.1977  3.33506e-13  1.58190e-14
