433 Eros
      8.10022  2.52218e-13  2.59448e-14
      8.20102  2.58786e-13  2.80025e-14
      8.30182  2.70000e-13  1.86067e-14
      8.40072  2.71373e-13  1.63913e-14
      8.49955  2.65989e-13  4.00480e-14
      8.60035  2.71239e-13  1.35667e-14
      8.69917  2.76302e-13  2.52685e-14
      8.79807  2.73440e-13  2.16962e-14
      8.89887  2.76471e-13  1.19727e-14
      8.99967  2.76369e-13  1.00854e-14
      9.10047  2.74688e-13  7.75025e-15
      9.20127  2.67905e-13  9.51625e-15
      10.2015  2.73566e-13  5.93896e-15
      10.3004  2.72186e-13  4.65881e-15
      10.3992  2.70211e-13  9.33899e-15
      10.5000  2.72073e-13  8.98801e-15
      10.5989  2.65135e-13  1.27666e-14
      10.6978  2.68852e-13  8.31958e-15
      10.7986  2.62378e-13  7.48254e-15
      10.8994  2.68013e-13  6.82941e-15
      11.0002  2.67385e-13  4.81582e-15
      11.1010  2.62468e-13  4.92041e-15
      11.2018  2.58108e-13  7.18746e-15
      11.3006  2.59766e-13  6.38429e-15
      11.3995  2.58449e-13  4.78155e-15
      11.5003  2.57751e-13  1.01889e-14
      11.5991  2.56708e-13  6.89712e-15
      11.6980  2.58389e-13  7.46526e-15
      11.7988  2.56275e-13  8.58051e-15
      11.8996  2.55415e-13  4.15157e-15
      12.0004  2.48952e-13  6.26779e-15
      12.1012  2.46770e-13  8.67733e-15
      12.2020  2.43642e-13  9.21084e-15
      12.3009  2.40474e-13  8.78130e-15
      12.3997  2.34240e-13  1.04402e-14
      12.5005  2.32635e-13  1.29204e-14
      12.5994  2.37829e-13  8.13805e-15
      12.6983  2.36689e-13  6.54184e-15
      12.7991  2.26782e-13  1.24062e-14
      12.8999  2.27732e-13  1.05932e-14
      13.0007  2.25429e-13  5.02871e-15
      13.1015  2.22716e-13  8.48625e-15
