433 Eros
      8.10071  2.62699e-13  1.80708e-14
      8.19956  2.70271e-13  1.45125e-14
      8.29842  2.78800e-13  2.88139e-14
      8.39922  2.85592e-13  1.87687e-14
      8.50001  2.87750e-13  1.19657e-14
      8.60081  2.89505e-13  1.93819e-14
      8.70160  2.88420e-13  1.56645e-14
      8.80046  2.88059e-13  1.09280e-14
      8.89931  2.87182e-13  1.26286e-14
      9.00010  2.85235e-13  1.49143e-14
      9.10090  2.84319e-13  1.23902e-14
      9.19975  2.89130e-13  8.79055e-15
      10.2988  2.86450e-13  6.21898e-15
      10.3996  2.85486e-13  9.66264e-15
      10.5004  2.81523e-13  6.23093e-15
      10.6012  2.80177e-13  7.63692e-15
      10.7000  2.78082e-13  9.05745e-15
      10.7989  2.74492e-13  6.12452e-15
      10.8997  2.78032e-13  5.98660e-15
      11.0005  2.77349e-13  4.55648e-15
      11.1013  2.75243e-13  7.38422e-15
      11.2001  2.68066e-13  4.65268e-15
      11.2990  2.72247e-13  5.19353e-15
      11.3998  2.70276e-13  3.33405e-15
      11.5006  2.67700e-13  3.06798e-15
      11.6014  2.70712e-13  3.05251e-15
      11.7002  2.68640e-13  6.85312e-15
      11.7991  2.68609e-13  5.85959e-15
      11.8999  2.66287e-13  4.87072e-15
      12.0007  2.61233e-13  8.73966e-15
      12.0995  2.57041e-13  5.24123e-15
      12.1984  2.54167e-13  7.56023e-15
      12.2992  2.55066e-13  6.05883e-15
      12.4000  2.53060e-13  6.03736e-15
      12.5008  2.53553e-13  8.56077e-15
      12.6015  2.46323e-13  4.98367e-15
      12.7004  2.45370e-13  8.68099e-15
      12.7993  2.48916e-13  8.49705e-15
      12.9001  2.41104e-13  1.31174e-14
      13.0008  2.41397e-13  6.94069e-15
      13.0997  2.40952e-13  5.20218e-15
      13.1986  2.40128e-13  9.32542e-15
