433 Eros
      8.10099  2.58978e-13  1.81757e-14
      8.20178  2.48771e-13  1.99152e-14
      8.30257  2.70883e-13  2.33718e-14
      8.40337  2.71302e-13  1.55758e-14
      8.50029  2.69285e-13  1.55036e-14
      8.59720  2.72523e-13  1.28872e-14
      8.69800  2.82509e-13  1.34307e-14
      8.79879  2.81338e-13  1.03938e-14
      8.89958  2.78363e-13  1.50048e-14
      9.00038  2.78649e-13  1.46629e-14
      9.10117  2.77251e-13  1.24808e-14
      9.20197  2.80749e-13  1.18262e-14
      10.2021  2.82004e-13  3.25904e-15
      10.3029  2.81703e-13  7.60355e-15
      10.3999  2.78786e-13  9.29726e-15
      10.4968  2.73012e-13  1.06021e-14
      10.5976  2.76121e-13  1.38104e-14
      10.6984  2.71599e-13  9.66828e-15
      10.7992  2.70086e-13  4.70015e-15
      10.9000  2.70482e-13  5.23764e-15
      11.0007  2.64051e-13  8.71206e-15
      11.1015  2.65456e-13  6.78879e-15
      11.2023  2.63532e-13  4.66186e-15
      11.3031  2.61946e-13  3.86638e-15
      11.4000  2.57800e-13  6.32403e-15
      11.4970  2.59676e-13  5.95830e-15
      11.5978  2.61135e-13  3.72904e-15
      11.6985  2.58829e-13  6.58860e-15
      11.7993  2.59488e-13  4.91993e-15
      11.9001  2.56796e-13  6.17578e-15
      12.0009  2.53410e-13  5.42320e-15
      12.1017  2.50773e-13  8.88955e-15
      12.2025  2.48910e-13  6.32151e-15
      12.3033  2.45302e-13  5.47937e-15
      12.4002  2.44837e-13  5.58829e-15
      12.4972  2.39745e-13  7.20621e-15
      12.5979  2.41040e-13  7.42304e-15
      12.6987  2.38031e-13  3.98168e-15
      12.7995  2.34447e-13  5.53259e-15
      12.9003  2.33871e-13  8.01045e-15
      13.0011  2.32385e-13  8.72849e-15
      13.1019  2.30333e-13  6.68595e-15
