45 Eugenia
      8.20079  1.48991e-13  1.22855e-14
      8.30159  1.45009e-13  1.24994e-14
      8.40238  1.52921e-13  7.98168e-15
      8.50127  1.50627e-13  1.53898e-14
      8.60009  1.60962e-13  1.68169e-14
      8.69891  1.63828e-13  1.77580e-14
      8.79780  1.70958e-13  8.52848e-15
      8.89860  1.74835e-13  9.54745e-15
      8.99939  1.84189e-13  8.82943e-15
      9.10019  1.87482e-13  1.11975e-14
      9.20098  1.92844e-13  1.23009e-14
      10.2012  2.33780e-13  4.50021e-15
      10.3020  2.32943e-13  1.03040e-14
      10.4008  2.36855e-13  4.28040e-15
      10.4997  2.39022e-13  4.07143e-15
      10.6005  2.40353e-13  3.84580e-15
      10.6993  2.47919e-13  6.98906e-15
      10.7982  2.49797e-13  7.18870e-15
      10.8990  2.53244e-13  4.10671e-15
      10.9998  2.53442e-13  5.52660e-15
      11.1006  2.57515e-13  7.62608e-15
      11.2013  2.61203e-13  4.85831e-15
      11.3021  2.61152e-13  4.65318e-15
      11.4010  2.62380e-13  4.81132e-15
      11.4999  2.63964e-13  1.11977e-14
      11.5987  2.66532e-13  3.74070e-15
      11.6976  2.62792e-13  8.09323e-15
      11.7984  2.67924e-13  6.55798e-15
      11.8992  2.74524e-13  3.64617e-15
      11.9999  2.76194e-13  5.25946e-15
      12.1007  2.73630e-13  1.01961e-14
      12.2015  2.74870e-13  9.92149e-15
      12.3023  2.80105e-13  7.12034e-15
      12.4012  2.81008e-13  7.57270e-15
      12.5000  2.77869e-13  8.67587e-15
      12.5989  2.81025e-13  4.74404e-15
      12.6978  2.78508e-13  7.24837e-15
      12.7985  2.81097e-13  8.41849e-15
      12.8993  2.83703e-13  7.36726e-15
      13.0001  2.82603e-13  1.02930e-14
      13.1009  2.83011e-13  1.68877e-14
