46 Hestia
       8.1945454   8.9659377e-13   3.2843310e-14
       8.2927272   9.0060193e-13   3.0314657e-14
       8.3909090   9.4184425e-13   2.2522841e-14
       8.4890908   9.5792960e-13   2.3470693e-14
       8.5872726   9.7104710e-13   1.3260903e-14
       8.6854545   9.9143101e-13   1.9031105e-14
       8.7836363   9.9742226e-13   9.0479973e-15
       8.8818181   9.9394846e-13   2.2026853e-14
       8.9799999   1.0568483e-12   1.2862969e-14
       9.0781817   1.0297412e-12   1.4150843e-14
       9.1763636   1.0411233e-12   1.6928427e-14
       10.256364   1.1042039e-12   2.3387038e-14
       10.354545   1.1301481e-12   1.1379004e-14
       10.452727   1.1391786e-12   1.0593061e-14
       10.550909   1.1361664e-12   2.1789976e-14
       10.649091   1.1390179e-12   1.2261888e-14
       10.747273   1.1360192e-12   1.7186385e-14
       10.845455   1.1282435e-12   1.1653171e-14
       10.943636   1.1481822e-12   7.3099686e-15
       11.041818   1.1368742e-12   6.2944727e-15
       11.140000   1.1339576e-12   1.0810763e-14
       11.238182   1.1272377e-12   3.9755073e-15
       11.336364   1.1238700e-12   3.2399693e-15
       11.434545   1.1298676e-12   4.5870920e-15
       11.532727   1.1279089e-12   9.2367534e-15
       11.630909   1.1160772e-12   5.9769534e-15
       11.729091   1.1341498e-12   8.1660273e-15
       11.827273   1.1203039e-12   1.3696686e-14
       11.925455   1.1064181e-12   4.6280649e-15
       12.023636   1.0942669e-12   9.3507563e-15
       12.121818   1.0916789e-12   1.1215349e-14
       12.220000   1.0852147e-12   9.2016848e-15
       12.318182   1.0855200e-12   1.3119719e-14
       12.416364   1.0848245e-12   8.3323965e-15
       12.514545   1.0690957e-12   1.2373609e-14
       12.612727   1.0857264e-12   1.0873835e-14
       12.710909   1.0695651e-12   5.0008433e-15
       12.809091   1.0577865e-12   9.6581936e-15
       12.907273   1.0590801e-12   8.0340070e-15
       13.005455   1.0534092e-12   1.5070134e-14
       13.103636   1.0384662e-12   2.0641796e-14
