498 Tokio
      8.20015  4.94774e-13  2.89984e-14
      8.30094  5.17582e-13  4.15509e-14
      8.40173  5.13088e-13  2.80990e-14
      8.50253  5.47902e-13  2.78575e-14
      8.60332  5.37647e-13  3.52015e-14
      8.70024  5.50539e-13  2.70864e-14
      8.79716  5.60308e-13  4.03033e-14
      8.89795  5.52267e-13  3.26238e-14
      8.99874  5.65221e-13  1.81450e-14
      9.09954  5.66163e-13  1.45491e-14
      9.20033  5.86641e-13  1.10127e-14
      10.2005  6.16880e-13  1.46289e-14
      10.3013  6.20213e-13  1.52257e-14
      10.4021  6.10194e-13  1.29895e-14
      10.5029  6.18515e-13  1.26533e-14
      10.5998  6.14813e-13  6.93611e-15
      10.6967  6.08375e-13  9.00293e-15
      10.7975  6.06355e-13  8.61856e-15
      10.8983  6.10359e-13  7.33768e-15
      10.9991  6.19037e-13  7.44450e-15
      11.0999  6.10394e-13  6.59141e-15
      11.2007  6.07677e-13  6.10023e-15
      11.3015  6.06536e-13  9.99122e-15
      11.4023  6.03367e-13  7.33733e-15
      11.5031  6.02667e-13  1.87880e-14
      11.6000  5.95667e-13  1.85505e-14
      11.6969  6.02864e-13  2.55438e-14
      11.7977  5.91440e-13  1.21803e-14
      11.8985  5.95288e-13  8.57322e-15
      11.9993  5.80086e-13  7.36661e-15
      12.1001  5.83112e-13  7.35065e-15
      12.2009  5.66434e-13  1.19923e-14
      12.3017  5.63087e-13  2.22272e-14
      12.4025  5.55182e-13  7.22527e-15
      12.5033  5.49087e-13  4.18822e-14
      12.6002  5.51433e-13  1.00345e-14
      12.6971  5.52323e-13  4.66124e-14
      12.7979  5.42631e-13  2.78099e-14
      12.8987  5.37669e-13  4.50196e-14
      12.9995  5.49238e-13  1.96472e-14
      13.1003  5.32468e-13  1.39512e-14
