511 Davida
      8.19852  9.14659e-13  4.18057e-14
      8.29932  9.32562e-13  9.60577e-14
      8.40011  9.87384e-13  4.91152e-14
      8.50090  9.95377e-13  5.38118e-14
      8.60170  1.00487e-12  7.49489e-14
      8.70059  1.03191e-12  3.39897e-14
      8.79941  1.07538e-12  3.37925e-14
      8.90020  1.07663e-12  4.01415e-14
      8.99902  1.13250e-12  3.23401e-14
      9.09791  1.14398e-12  3.89913e-14
      9.19871  1.16510e-12  3.18945e-14
      10.2997  1.33797e-12  2.23989e-14
      10.4005  1.34063e-12  2.51819e-14
      10.5013  1.36400e-12  1.77623e-14
      10.6021  1.36890e-12  3.06531e-14
      10.7010  1.38073e-12  2.09211e-14
      10.7998  1.38049e-12  3.27997e-14
      10.9006  1.40487e-12  2.34988e-14
      10.9994  1.40907e-12  3.49578e-14
      11.0983  1.41062e-12  2.55885e-14
      11.1991  1.40317e-12  1.32839e-14
      11.2999  1.40381e-12  1.13467e-14
      11.4007  1.41817e-12  2.38486e-14
      11.5015  1.42525e-12  1.38190e-14
      11.6023  1.41755e-12  1.08687e-14
      11.7011  1.41820e-12  2.13126e-14
      11.8000  1.42813e-12  2.05646e-14
      11.8988  1.42979e-12  1.43182e-14
      11.9977  1.42275e-12  1.98575e-14
      12.0985  1.41064e-12  2.27983e-14
      12.1993  1.40616e-12  2.10253e-14
      12.3001  1.41227e-12  2.33551e-14
      12.4009  1.39954e-12  1.45324e-14
      12.5016  1.39633e-12  2.95363e-14
      12.6024  1.40851e-12  2.24960e-14
      12.7013  1.40172e-12  2.16487e-14
      12.8001  1.40109e-12  3.04545e-14
      12.8990  1.39919e-12  2.08540e-14
      12.9979  1.39930e-12  1.68156e-14
      13.0987  1.39676e-12  2.50718e-14
      13.1994  1.38594e-12  3.58350e-14
