54 Alexandra
      8.20005  1.00843e-12  5.18171e-14
      8.30086  1.02657e-12  7.92325e-14
      8.40166  1.05301e-12  4.78855e-14
      8.50247  1.06139e-12  4.30625e-14
      8.60328  1.08525e-12  5.66713e-14
      8.70021  1.10556e-12  5.66496e-14
      8.79714  1.12307e-12  5.72590e-14
      8.89794  1.13842e-12  3.63815e-14
      8.99875  1.16195e-12  3.68322e-14
      9.09955  1.18828e-12  6.05408e-14
      9.20036  1.20041e-12  3.55313e-14
      10.2007  1.31402e-12  2.76340e-14
      10.3015  1.31341e-12  3.78786e-14
      10.4023  1.33483e-12  1.97877e-14
      10.5031  1.28742e-12  4.61774e-14
      10.6000  1.31002e-12  2.87167e-14
      10.6969  1.33640e-12  3.20877e-14
      10.7978  1.31794e-12  1.73456e-14
      10.8986  1.33147e-12  2.03772e-14
      10.9994  1.31742e-12  3.36784e-14
      11.1002  1.30654e-12  2.06248e-14
      11.2010  1.30935e-12  2.30099e-14
      11.3018  1.31619e-12  4.47686e-14
      11.4026  1.31446e-12  1.97155e-14
      11.5034  1.30275e-12  2.17134e-14
      11.6003  1.31180e-12  2.56466e-14
      11.6973  1.29433e-12  1.97342e-14
      11.7981  1.29969e-12  2.88727e-14
      11.8989  1.31594e-12  2.72605e-14
      11.9997  1.29925e-12  2.32038e-14
      12.1005  1.29182e-12  2.89748e-14
      12.2013  1.27247e-12  2.36755e-14
      12.3021  1.27561e-12  1.58981e-14
      12.4029  1.27419e-12  4.96746e-14
      12.4998  1.25332e-12  3.18491e-14
      12.5968  1.25498e-12  3.11715e-14
      12.6976  1.24504e-12  4.79367e-14
      12.7984  1.21613e-12  5.44279e-14
      12.8992  1.20460e-12  4.88471e-14
      13.0000  1.22291e-12  3.73256e-14
      13.1008  1.21406e-12  2.85499e-14
