704 Interamnia
      8.10154  2.13988e-12  1.10133e-13
      8.20234  2.16553e-12  1.07994e-13
      8.30126  2.20018e-12  6.68547e-14
      8.40007  2.27049e-12  9.52760e-14
      8.49887  2.32877e-12  9.17534e-14
      8.59779  2.40727e-12  9.97871e-14
      8.69859  2.46501e-12  4.54603e-14
      8.79939  2.50644e-12  4.55529e-14
      8.90019  2.57522e-12  6.70020e-14
      9.00099  2.65363e-12  4.88014e-14
      9.10179  2.68864e-12  7.67244e-14
      9.20259  2.77856e-12  7.35661e-14
      10.2028  3.20963e-12  5.45405e-14
      10.3018  3.24027e-12  5.22834e-14
      10.3986  3.27864e-12  3.51165e-14
      10.4975  3.27632e-12  3.29839e-14
      10.5983  3.29512e-12  3.82563e-14
      10.6991  3.30252e-12  5.58186e-14
      10.7999  3.30909e-12  5.15899e-14
      10.9007  3.31804e-12  3.36930e-14
      11.0015  3.35434e-12  3.36411e-14
      11.1023  3.36402e-12  3.71845e-14
      11.2031  3.35780e-12  3.64004e-14
      11.3000  3.39344e-12  2.80234e-14
      11.3969  3.37816e-12  4.61742e-14
      11.4977  3.40465e-12  6.14084e-14
      11.5985  3.42250e-12  3.33084e-14
      11.6993  3.43916e-12  9.73739e-14
      11.8001  3.45142e-12  8.16092e-14
      11.9009  3.46259e-12  8.08454e-14
      12.0017  3.41246e-12  4.88814e-14
      12.1025  3.43664e-12  4.19836e-14
      12.2015  3.39018e-12  6.52790e-14
      12.2982  3.40653e-12  9.04322e-14
      12.3972  3.39354e-12  6.81621e-14
      12.4980  3.35630e-12  1.98566e-13
      12.5988  3.41418e-12  1.01854e-13
      12.6996  3.43772e-12  6.88823e-14
      12.8004  3.39730e-12  1.39989e-13
      12.9012  3.34647e-12  1.51743e-13
      13.0020  3.43156e-12  8.96641e-14
      13.1028  3.38252e-12  9.87585e-14
