735 Marghanna
      8.10099  6.43742e-13  3.46003e-14
      8.20178  6.69484e-13  3.93129e-14
      8.30258  6.52998e-13  3.68750e-14
      8.40337  6.61082e-13  3.86101e-14
      8.50029  6.64750e-13  2.00909e-14
      8.59721  6.65498e-13  2.63484e-14
      8.69800  6.93753e-13  3.15194e-14
      8.79879  6.77154e-13  2.05435e-14
      8.89959  6.85867e-13  2.59126e-14
      9.00038  7.16440e-13  1.13883e-14
      9.10117  7.18965e-13  2.14149e-14
      9.20197  7.26772e-13  3.04427e-14
      10.2022  7.43472e-13  1.61835e-14
      10.3029  7.49802e-13  6.75943e-15
      10.3999  7.49708e-13  1.15443e-14
      10.4968  7.34674e-13  1.72348e-14
      10.5976  7.47369e-13  1.33274e-14
      10.6984  7.51130e-13  1.35221e-14
      10.7992  7.56687e-13  1.76864e-14
      10.9000  7.44675e-13  2.04214e-14
      11.0008  7.43920e-13  9.76601e-15
      11.1015  7.37736e-13  1.46185e-14
      11.2023  7.43016e-13  8.06961e-15
      11.3031  7.44382e-13  4.55330e-15
      11.4001  7.30498e-13  1.96818e-14
      11.4970  7.41040e-13  1.71993e-14
      11.5978  7.30310e-13  1.28456e-14
      11.6986  7.13740e-13  2.23786e-14
      11.7993  7.21314e-13  1.10926e-14
      11.9001  7.30553e-13  1.40454e-14
      12.0009  7.19754e-13  3.04534e-14
      12.1017  7.18128e-13  2.39901e-14
      12.2025  7.09011e-13  1.51312e-14
      12.3033  7.13998e-13  2.15430e-14
      12.4002  7.14090e-13  2.23615e-14
      12.4972  7.01406e-13  1.09127e-14
      12.5979  6.93760e-13  1.01953e-14
      12.6987  6.91325e-13  2.02192e-14
      12.7995  6.86383e-13  2.50373e-14
      12.9003  6.91268e-13  1.87846e-14
      13.0011  6.82524e-13  8.11894e-15
      13.1019  6.82207e-13  2.88983e-14
