89 Julia
       8.1945454   1.0747891e-12   2.3731659e-14
       8.2927272   1.0604087e-12   3.8110796e-14
       8.3909090   1.1262224e-12   2.9138846e-14
       8.4890908   1.1377253e-12   2.0097427e-14
       8.5872726   1.1498767e-12   1.8241844e-14
       8.6854545   1.1807857e-12   1.8445974e-14
       8.7836363   1.1847630e-12   2.2923970e-14
       8.8818181   1.1984449e-12   2.8263274e-14
       8.9799999   1.2332138e-12   1.7375570e-14
       9.0781817   1.2218801e-12   9.8111483e-15
       9.1763636   1.2427975e-12   1.5985905e-14
       10.256364   1.3244419e-12   6.5092937e-15
       10.354545   1.3414466e-12   1.5206895e-14
       10.452727   1.3505936e-12   5.9506617e-15
       10.550909   1.3504534e-12   9.7387488e-15
       10.649091   1.3391114e-12   6.1445689e-15
       10.747273   1.3439265e-12   4.4361262e-15
       10.845455   1.3600830e-12   1.0036350e-14
       10.943636   1.3670687e-12   1.1020527e-14
       11.041818   1.3789461e-12   3.1699222e-15
       11.140000   1.3653174e-12   5.4986099e-15
       11.238182   1.3575514e-12   7.0854079e-15
       11.336364   1.3536459e-12   5.1598784e-15
       11.434545   1.3646807e-12   3.5658418e-15
       11.532727   1.3646600e-12   6.2658618e-15
       11.630909   1.3825775e-12   1.3304901e-14
       11.729091   1.3689630e-12   6.2256783e-15
       11.827273   1.3638647e-12   6.9404150e-15
       11.925455   1.3531555e-12   3.9445214e-15
       12.023636   1.3616887e-12   1.6180787e-14
       12.121818   1.3391229e-12   6.1541841e-15
       12.220000   1.3303822e-12   1.2169118e-14
       12.318182   1.3370225e-12   1.0015599e-14
       12.416364   1.3439434e-12   2.8838779e-14
       12.514545   1.3495952e-12   2.2855255e-14
       12.612727   1.2866010e-12   2.3002857e-14
       12.710909   1.3018475e-12   2.4897068e-14
       12.809091   1.3114667e-12   3.1542244e-14
       12.907273   1.3091386e-12   2.0491074e-14
       13.005455   1.2894344e-12   2.0667520e-14
       13.103636   1.3096758e-12   2.0785874e-14
