95 Arethusa
      8.19958  3.23639e-13  3.39913e-14
      8.30038  3.30179e-13  2.08771e-14
      8.40118  3.37921e-13  1.74134e-14
      8.50003  3.38830e-13  3.43260e-14
      8.59890  3.57528e-13  1.89660e-14
      8.69970  3.53569e-13  1.80478e-14
      8.80050  3.73942e-13  1.96967e-14
      8.90130  3.78702e-13  9.78595e-15
      9.00018  3.90204e-13  1.50528e-14
      9.09903  3.98622e-13  1.65978e-14
      9.19983  4.10148e-13  1.15292e-14
      10.2001  4.69739e-13  1.04409e-14
      10.3009  4.79660e-13  9.37855e-15
      10.3997  4.78631e-13  1.47431e-14
      10.4986  4.81646e-13  5.37467e-15
      10.5994  4.90287e-13  1.05039e-14
      10.7002  4.90220e-13  6.22898e-15
      10.8010  4.95564e-13  7.55100e-15
      10.9018  4.96894e-13  6.08966e-15
      11.0007  5.02095e-13  6.09459e-15
      11.0995  5.04018e-13  1.03534e-14
      11.2003  5.00640e-13  7.29854e-15
      11.2992  5.11127e-13  5.01288e-15
      11.3980  5.00882e-13  5.79759e-15
      11.4988  5.01092e-13  9.72341e-15
      11.5996  5.03960e-13  5.44248e-15
      11.7004  5.12023e-13  1.98466e-14
      11.8012  5.15059e-13  9.38540e-15
      11.9001  5.18103e-13  1.16734e-14
      11.9990  5.08262e-13  9.46178e-15
      12.0998  5.03447e-13  1.14562e-14
      12.2006  4.97759e-13  7.58161e-15
      12.2994  5.01009e-13  5.12271e-15
      12.3983  4.99221e-13  1.00368e-14
      12.4991  4.91664e-13  1.35639e-14
      12.5999  5.10309e-13  1.60865e-14
      12.7007  5.06780e-13  8.93776e-15
      12.8015  5.03775e-13  1.00567e-14
      12.9004  5.04770e-13  1.05092e-14
      12.9992  5.07406e-13  1.13807e-14
      13.1000  5.04854e-13  2.07601e-14
