1 Ceres
       8.1945454   7.8160945e-12   1.6657729e-13
       8.2927272   8.0583450e-12   9.3502677e-14
       8.3909090   8.3844315e-12   1.4108322e-13
       8.4890908   8.7169294e-12   3.4375033e-14
       8.5872726   8.9011240e-12   5.2919946e-14
       8.6854545   9.2609306e-12   8.2154092e-14
       8.7836363   9.4261966e-12   1.9128322e-13
       8.8818181   9.8098396e-12   1.3211722e-13
       8.9799999   1.0074344e-11   1.8890616e-13
       9.0781817   1.0619244e-11   1.1682626e-13
       9.1763636   1.0902955e-11   1.1087354e-13
       10.256364   1.3272710e-11   1.4767155e-13
       10.354545   1.3318446e-11   8.8008638e-14
       10.452727   1.3477196e-11   5.6061778e-14
       10.550909   1.3534908e-11   7.7712034e-14
       10.649091   1.3696793e-11   1.0693172e-13
       10.747273   1.3848758e-11   9.3108701e-14
       10.845455   1.3951392e-11   1.0502581e-13
       10.943636   1.3810775e-11   2.6819713e-14
       11.041818   1.3852811e-11   8.3940435e-14
       11.140000   1.4050806e-11   3.4404524e-14
       11.238182   1.4053238e-11   4.0198708e-14
       11.336364   1.4166914e-11   6.7717813e-14
       11.434545   1.4073494e-11   1.0334268e-13
       11.532727   1.4249556e-11   5.7049358e-14
       11.630909   1.4092029e-11   2.7629363e-13
       11.729091   1.4036216e-11   1.5001856e-13
       11.827273   1.4103064e-11   2.1622808e-13
       11.925455   1.4460307e-11   1.1005874e-13
       12.023636   1.4263277e-11   2.6164267e-13
       12.121818   1.4302311e-11   1.0529362e-13
       12.220000   1.4237754e-11   1.3851040e-13
       12.318182   1.4399344e-11   4.9512161e-14
       12.416364   1.4479229e-11   1.5592290e-13
       12.514545   1.4157081e-11   1.9813420e-13
       12.612727   1.4257999e-11   2.0061079e-13
       12.710909   1.4249623e-11   5.4230191e-14
       12.809091   1.4311809e-11   3.2002519e-13
       12.907273   1.4421437e-11   1.9742755e-13
       13.005455   1.4415787e-11   1.2232844e-13
       13.103636   1.4410220e-11   2.0318032e-13
