1 Ceres
      8.10051  7.65934e-12  3.01895e-13
      8.20130  7.96912e-12  2.90370e-13
      8.30209  8.21539e-12  3.12109e-13
      8.40289  8.47758e-12  2.17004e-13
      8.50180  8.81941e-12  3.84956e-13
      8.59860  8.97307e-12  2.32685e-13
      8.69752  9.13782e-12  3.43842e-13
      8.79831  9.51948e-12  4.18296e-13
      8.89910  9.81654e-12  2.64517e-13
      8.99990  1.02010e-11  4.41562e-13
      9.10069  1.05958e-11  5.28367e-13
      9.20148  1.08580e-11  3.93541e-13
      10.2017  1.31576e-11  3.04506e-13
      10.3025  1.32946e-11  3.91495e-13
      10.4014  1.34177e-11  4.19220e-13
      10.4982  1.35589e-11  2.78633e-13
      10.5971  1.37038e-11  4.27720e-13
      10.6979  1.37664e-11  3.78732e-13
      10.7987  1.39371e-11  4.24863e-13
      10.8995  1.37941e-11  2.54843e-13
      11.0003  1.39518e-11  3.98740e-13
      11.1011  1.40033e-11  2.32788e-13
      11.2019  1.40964e-11  1.58920e-13
      11.3026  1.42290e-11  4.08732e-13
      11.4016  1.41276e-11  2.08759e-13
      11.4984  1.41878e-11  3.58297e-13
      11.5973  1.42146e-11  1.28944e-13
      11.6981  1.39484e-11  3.26288e-13
      11.7989  1.41137e-11  4.43049e-13
      11.8997  1.41794e-11  4.51392e-13
      12.0005  1.42921e-11  3.98040e-13
      12.1012  1.42403e-11  3.35147e-13
      12.2020  1.41680e-11  2.99563e-13
      12.3028  1.43697e-11  2.25884e-13
      12.4017  1.43795e-11  4.73011e-13
      12.4985  1.42641e-11  4.29357e-13
      12.5975  1.43628e-11  4.99867e-13
      12.6983  1.43702e-11  4.94988e-13
      12.7990  1.42247e-11  4.89691e-13
      12.8998  1.41108e-11  6.43883e-13
      13.0006  1.42546e-11  3.00818e-13
      13.1014  1.42869e-11  4.06339e-13
