15 Eunomia
       8.1945454   4.1119232e-12   9.7053198e-14
       8.2927272   4.1950293e-12   8.5019819e-14
       8.3909090   4.3663152e-12   4.4917992e-14
       8.4890908   4.4774685e-12   6.6119432e-14
       8.5872726   4.4882377e-12   9.3814903e-14
       8.6854545   4.6781331e-12   1.0128161e-13
       8.7836363   4.7035147e-12   6.9598055e-14
       8.8818181   4.8474266e-12   8.0795746e-14
       8.9799999   4.9031984e-12   5.2801944e-14
       9.0781817   4.9503750e-12   5.1119387e-14
       9.1763636   5.0348569e-12   6.7323075e-14
       10.256364   5.5781949e-12   2.3939805e-14
       10.354545   5.6176383e-12   3.7191401e-14
       10.452727   5.6900742e-12   4.7041805e-14
       10.550909   5.6477814e-12   6.0232748e-14
       10.649091   5.6418752e-12   1.8516041e-14
       10.747273   5.6596392e-12   7.7815615e-14
       10.845455   5.7430191e-12   2.8605798e-14
       10.943636   5.7354518e-12   3.7082100e-14
       11.041818   5.8040402e-12   3.5316973e-14
       11.140000   5.7405844e-12   4.9442894e-14
       11.238182   5.7283469e-12   2.7745178e-14
       11.336364   5.8348192e-12   2.8997018e-14
       11.434545   5.7789995e-12   4.2863749e-14
       11.532727   5.7974164e-12   1.4826932e-14
       11.630909   5.8137098e-12   4.0992474e-14
       11.729091   5.8806769e-12   6.7673971e-14
       11.827273   5.8900309e-12   5.5782948e-14
       11.925455   5.8664277e-12   3.2146353e-14
       12.023636   5.8341167e-12   6.8271492e-14
       12.121818   5.8307391e-12   8.9565298e-14
       12.220000   5.7149451e-12   4.1283737e-14
       12.318182   5.7220387e-12   9.0219951e-14
       12.416364   5.7025358e-12   2.1891879e-14
       12.514545   5.7080606e-12   5.2083793e-14
       12.612727   5.7907070e-12   7.0787877e-14
       12.710909   5.7385389e-12   8.9471384e-14
       12.809091   5.7858904e-12   1.5416519e-13
       12.907273   5.6994152e-12   1.1099018e-13
       13.005455   5.6304528e-12   1.2562481e-13
       13.103636   5.6105840e-12   7.6279180e-14
