10 Hygiea
       8.1945454   3.5190724e-13   1.5722889e-14
       8.2927272   3.8050550e-13   1.7480850e-14
       8.3909090   3.9189295e-13   7.3107612e-15
       8.4890908   4.1059978e-13   8.8889118e-15
       8.5872726   4.2181168e-13   9.9997627e-15
       8.6854545   4.4109630e-13   1.1715320e-14
       8.7836363   4.5101507e-13   4.5662658e-15
       8.8818181   4.6165398e-13   1.2913119e-14
       8.9799999   4.7734125e-13   8.7174285e-15
       9.0781817   4.9831013e-13   5.6471016e-15
       9.1763636   5.1369219e-13   6.4847765e-15
       10.256364   6.6157553e-13   1.3571769e-14
       10.354545   6.7721873e-13   3.3984650e-15
       10.452727   6.8545743e-13   1.0735938e-14
       10.550909   6.9997751e-13   8.9040245e-15
       10.649091   7.1219390e-13   1.0108322e-14
       10.747273   7.1244280e-13   7.6987952e-15
       10.845455   7.2753591e-13   1.3251732e-15
       10.943636   7.4044246e-13   3.1872993e-15
       11.041818   7.6249929e-13   7.1197029e-15
       11.140000   7.6517102e-13   3.8978198e-15
       11.238182   7.6804230e-13   2.2777166e-15
       11.336364   7.7908090e-13   7.1211095e-15
       11.434545   7.9115958e-13   7.6044124e-15
       11.532727   7.9373465e-13   5.4969156e-15
       11.630909   7.9616152e-13   1.0994082e-14
       11.729091   8.0383850e-13   1.2629364e-14
       11.827273   8.2236777e-13   3.5700768e-15
       11.925455   8.1819796e-13   4.0079270e-15
       12.023636   8.2220864e-13   1.0561254e-14
       12.121818   8.2882716e-13   1.2871010e-14
       12.220000   8.2650943e-13   4.1949904e-15
       12.318182   8.3945321e-13   8.1735367e-15
       12.416364   8.3149134e-13   4.4433244e-15
       12.514545   8.4175858e-13   9.5359338e-15
       12.612727   8.6220279e-13   5.7167919e-15
       12.710909   8.6080833e-13   1.5755928e-14
       12.809091   8.6920989e-13   8.9289355e-15
       12.907273   8.7486907e-13   1.5915281e-14
       13.005455   8.6397780e-13   1.1486621e-14
       13.103636   8.7062956e-13   7.8861104e-15
