10 Hygiea
      8.10296  8.28034e-13  5.38764e-14
      8.19989  8.67794e-13  4.56662e-14
      8.29682  8.87454e-13  4.07719e-14
      8.39763  9.41855e-13  6.31702e-14
      8.49843  9.46376e-13  5.17427e-14
      8.59924  9.98051e-13  4.62754e-14
      8.70004  1.02723e-12  6.06136e-14
      8.80085  1.06829e-12  8.73966e-14
      8.90166  1.09249e-12  5.75531e-14
      9.00246  1.10430e-12  4.98987e-14
      9.10327  1.16128e-12  3.79252e-14
      9.20020  1.18799e-12  2.69444e-14
      10.2974  1.49188e-12  3.50538e-14
      10.3982  1.50665e-12  2.93622e-14
      10.4990  1.51051e-12  3.64832e-14
      10.5999  1.53541e-12  1.93029e-14
      10.7007  1.57354e-12  2.66792e-14
      10.8015  1.56903e-12  3.67390e-14
      10.9023  1.59717e-12  1.87797e-14
      11.0031  1.60888e-12  2.71948e-14
      11.1000  1.61003e-12  2.46970e-14
      11.1969  1.62168e-12  2.46758e-14
      11.2977  1.65570e-12  4.24169e-14
      11.3986  1.66384e-12  2.28605e-14
      11.4994  1.67118e-12  4.12684e-14
      11.6002  1.69156e-12  1.93829e-14
      11.7010  1.71970e-12  6.68474e-14
      11.8018  1.71094e-12  4.35249e-14
      11.9026  1.71995e-12  4.48780e-14
      12.0034  1.71902e-12  3.31406e-14
      12.1003  1.74264e-12  5.93470e-14
      12.1972  1.73358e-12  3.98046e-14
      12.2981  1.77141e-12  6.60299e-14
      12.3989  1.76051e-12  5.51900e-14
      12.4997  1.77800e-12  8.14243e-14
      12.6005  1.77768e-12  1.12585e-13
      12.7013  1.75632e-12  1.12400e-13
      12.8021  1.76820e-12  6.59177e-14
      12.9029  1.77938e-12  1.11242e-13
      12.9998  1.83282e-12  4.96715e-14
      13.0967  1.78745e-12  2.94171e-14
      13.1976  1.84215e-12  6.35073e-14
