10 Hygiea
      8.10040  3.48629e-13  4.29799e-14
      8.19925  3.65853e-13  3.05421e-14
      8.30005  3.67100e-13  2.47691e-14
      8.40085  3.85347e-13  2.12414e-14
      8.49970  4.02469e-13  3.50591e-14
      8.59857  4.16286e-13  2.55204e-14
      8.69937  4.38506e-13  2.09849e-14
      8.80017  4.45612e-13  1.69653e-14
      8.90097  4.58505e-13  2.71518e-14
      9.00177  4.88140e-13  2.58772e-14
      9.10064  5.01305e-13  1.72307e-14
      9.19950  5.12536e-13  2.43942e-14
      10.3005  6.57051e-13  1.81939e-14
      10.3994  6.77908e-13  1.89125e-14
      10.4983  6.81171e-13  2.17888e-14
      10.5991  6.98931e-13  1.10107e-14
      10.6999  7.02085e-13  1.57630e-14
      10.8007  7.17183e-13  2.12304e-14
      10.9015  7.27275e-13  1.26446e-14
      11.0003  7.37094e-13  2.00285e-14
      11.0992  7.37986e-13  1.98611e-14
      11.2000  7.49455e-13  1.46531e-14
      11.3008  7.58754e-13  1.84965e-14
      11.3996  7.63423e-13  1.76297e-14
      11.4985  7.74152e-13  2.55186e-14
      11.5993  7.73516e-13  7.71436e-15
      11.7001  7.84950e-13  2.75156e-14
      11.8009  7.97002e-13  2.19842e-14
      11.8998  8.05489e-13  1.77817e-14
      11.9986  8.03919e-13  2.94522e-14
      12.0994  8.08926e-13  3.16406e-14
      12.2002  8.04222e-13  2.63303e-14
      12.3010  8.21756e-13  2.94914e-14
      12.3999  8.26554e-13  2.52039e-14
      12.4988  8.33944e-13  3.58255e-14
      12.5996  8.39558e-13  2.06261e-14
      12.7004  8.35021e-13  2.25480e-14
      12.8012  8.33920e-13  2.99057e-14
      12.9000  8.52762e-13  3.02304e-14
      12.9989  8.61244e-13  3.91377e-14
      13.0997  8.53225e-13  2.13746e-14
