3 Juno
       8.1945454   1.4731246e-12   3.0828671e-14
       8.2927272   1.5438140e-12   1.3475153e-14
       8.3909090   1.6012968e-12   2.3058121e-14
       8.4890908   1.6215749e-12   2.4282646e-14
       8.5872726   1.6687766e-12   4.2717366e-14
       8.6854545   1.6666048e-12   4.3139119e-14
       8.7836363   1.7058837e-12   1.7773133e-14
       8.8818181   1.7568693e-12   2.8017758e-14
       8.9799999   1.7527286e-12   4.2170693e-14
       9.0781817   1.7591488e-12   1.9141805e-14
       9.1763636   1.7997903e-12   1.4938957e-14
       10.256364   1.9052975e-12   1.8130788e-14
       10.354545   1.8963599e-12   1.8718782e-14
       10.452727   1.9195977e-12   2.1887335e-14
       10.550909   1.9047837e-12   2.7207430e-14
       10.649091   1.9078895e-12   5.2919113e-15
       10.747273   1.9036327e-12   2.0481503e-14
       10.845455   1.8959577e-12   1.1610857e-14
       10.943636   1.9118727e-12   1.1001474e-14
       11.041818   1.8982177e-12   5.0620827e-15
       11.140000   1.8832138e-12   1.0869778e-14
       11.238182   1.8787126e-12   6.4335050e-15
       11.336364   1.8876606e-12   1.2027693e-14
       11.434545   1.8825811e-12   8.2373905e-15
       11.532727   1.8836700e-12   7.1537522e-15
       11.630909   1.8620527e-12   6.0788094e-15
       11.729091   1.8777812e-12   8.3185097e-15
       11.827273   1.9003091e-12   1.8181884e-14
       11.925455   1.8907196e-12   1.1388380e-14
       12.023636   1.8534742e-12   1.3256194e-14
       12.121818   1.8279097e-12   2.2669643e-14
       12.220000   1.7970346e-12   4.6143069e-15
       12.318182   1.7769592e-12   2.2692092e-14
       12.416364   1.7255954e-12   4.2623153e-14
       12.514545   1.7565095e-12   4.3678195e-14
       12.612727   1.7757696e-12   1.9966850e-14
       12.710909   1.7775532e-12   5.0065545e-14
       12.809091   1.7417640e-12   6.3192684e-14
       12.907273   1.7346627e-12   3.3974115e-14
       13.005455   1.7211721e-12   3.8033985e-14
       13.103636   1.6696134e-12   3.3433831e-14
