18 Melpomene
       8.1945454   6.2799633e-12   6.3784881e-14
       8.2927272   6.5501248e-12   7.4968955e-14
       8.3909090   6.5677917e-12   4.6335311e-14
       8.4890908   6.6873424e-12   6.7773072e-14
       8.5872726   6.7902667e-12   6.5593146e-14
       8.6854545   6.9348144e-12   3.9652410e-14
       8.7836363   6.9610176e-12   5.8879255e-14
       8.8818181   6.9905848e-12   5.8175173e-14
       8.9799999   7.0521603e-12   5.3457507e-14
       9.0781817   7.1952864e-12   7.0532097e-14
       9.1763636   7.2825684e-12   5.6110267e-14
       10.256364   7.4530914e-12   3.5651735e-14
       10.354545   7.3941231e-12   4.8530784e-14
       10.452727   7.3960637e-12   4.3228068e-14
       10.550909   7.3448004e-12   1.1626535e-14
       10.649091   7.3788424e-12   4.8500232e-14
       10.747273   7.4046011e-12   4.0915080e-14
       10.845455   7.3389323e-12   5.9088933e-14
       10.943636   7.2767851e-12   2.9320527e-14
       11.041818   7.2487747e-12   4.7560750e-14
       11.140000   7.3430604e-12   8.8505895e-15
       11.238182   7.2345483e-12   3.6445075e-14
       11.336364   7.1820420e-12   2.1518995e-14
       11.434545   7.1137162e-12   4.7381005e-14
       11.532727   7.1730011e-12   4.8404534e-14
       11.630909   7.1176601e-12   1.3838646e-13
       11.729091   6.9246293e-12   5.2988845e-14
       11.827273   6.9904910e-12   1.0546881e-13
       11.925455   7.0899791e-12   4.5043908e-14
       12.023636   6.9592251e-12   1.7042816e-13
       12.121818   6.8624413e-12   7.0290120e-14
       12.220000   6.7704899e-12   2.0870595e-14
       12.318182   6.7132230e-12   5.6649882e-14
       12.416364   6.6571488e-12   6.8873584e-14
       12.514545   6.3840305e-12   1.1077902e-13
       12.612727   6.3606978e-12   9.2239247e-14
       12.710909   6.3736258e-12   8.4842281e-14
       12.809091   6.3806363e-12   5.7381448e-14
       12.907273   6.3423533e-12   1.4842634e-14
       13.005455   6.2816363e-12   3.6868466e-14
       13.103636   6.3291188e-12   6.4416740e-14
