9 Metis
       8.1945454   5.6789306e-13   2.6132216e-14
       8.2927272   5.2873010e-13   1.4328434e-14
       8.3909090   5.5679314e-13   2.6301915e-14
       8.4890908   5.9095155e-13   1.2871438e-14
       8.5872726   5.9337273e-13   1.4747680e-14
       8.6854545   6.0306191e-13   1.3039239e-14
       8.7836363   6.3220183e-13   9.0656872e-15
       8.8818181   6.1889582e-13   1.2344282e-14
       8.9799999   6.4345304e-13   2.3361115e-14
       9.0781817   6.2455661e-13   1.1339046e-14
       9.1763636   6.6481539e-13   6.8608565e-15
       10.256364   7.1430657e-13   6.4904357e-15
       10.354545   7.1659625e-13   5.8931359e-15
       10.452727   7.2501490e-13   4.3418139e-15
       10.550909   7.2488740e-13   4.1044863e-15
       10.649091   7.2420704e-13   3.9769580e-15
       10.747273   7.1988872e-13   4.5445403e-15
       10.845455   7.2810386e-13   2.5259968e-15
       10.943636   7.2930155e-13   6.5276551e-15
       11.041818   7.2836748e-13   6.9628577e-15
       11.140000   7.2461085e-13   6.8979685e-15
       11.238182   7.2227042e-13   4.2201203e-15
       11.336364   7.2527299e-13   3.3684023e-15
       11.434545   7.2286221e-13   3.6348217e-15
       11.532727   7.2913321e-13   6.5783129e-15
       11.630909   7.2879648e-13   5.2318000e-15
       11.729091   7.3219732e-13   6.6785746e-15
       11.827273   7.3093562e-13   4.8106611e-15
       11.925455   7.3184481e-13   7.7479738e-15
       12.023636   7.1858967e-13   8.6946517e-15
       12.121818   7.2174733e-13   4.5486056e-15
       12.220000   7.0550750e-13   3.6705332e-15
       12.318182   6.9864860e-13   6.4553264e-15
       12.416364   6.9123794e-13   4.2218545e-15
       12.514545   6.8944704e-13   1.2037379e-14
       12.612727   6.9040632e-13   1.1706900e-14
       12.710909   6.7744764e-13   9.9125997e-15
       12.809091   6.8492031e-13   6.9095408e-15
       12.907273   6.9004149e-13   1.3401092e-14
       13.005455   6.8360579e-13   8.1403537e-15
       13.103636   6.8081123e-13   7.7808993e-15
