2 Pallas
      8.20018  6.88527e-13  3.98042e-14
      8.30097  7.21436e-13  2.80987e-14
      8.40176  7.63391e-13  3.10222e-14
      8.50064  7.85911e-13  3.98122e-14
      8.59948  7.96274e-13  3.28819e-14
      8.70027  8.44345e-13  3.96717e-14
      8.80106  8.63257e-13  3.69491e-14
      8.89990  9.08562e-13  5.22952e-14
      8.99877  9.34313e-13  3.27183e-14
      9.09957  9.72216e-13  3.97835e-14
      9.20036  1.00816e-12  2.90095e-14
      10.2005  1.28922e-12  1.69350e-14
      10.3013  1.31033e-12  2.56382e-14
      10.4002  1.35066e-12  3.86150e-14
      10.4991  1.35826e-12  1.91071e-14
      10.5998  1.37417e-12  2.61402e-14
      10.7006  1.38105e-12  2.11326e-14
      10.7995  1.42488e-12  3.79664e-14
      10.8983  1.43173e-12  2.08198e-14
      10.9991  1.45561e-12  2.40379e-14
      11.0999  1.46001e-12  2.02848e-14
      11.2007  1.46455e-12  1.37192e-14
      11.3015  1.49002e-12  2.53188e-14
      11.4004  1.50094e-12  9.99060e-15
      11.4992  1.51818e-12  2.36192e-14
      11.6000  1.52964e-12  1.49566e-14
      11.7008  1.53836e-12  3.15427e-14
      11.7997  1.56473e-12  2.08655e-14
      11.8985  1.56650e-12  3.21583e-14
      11.9993  1.57177e-12  2.11915e-14
      12.1001  1.57625e-12  2.64733e-14
      12.2009  1.56957e-12  1.63017e-14
      12.3017  1.58216e-12  4.06330e-14
      12.4006  1.58091e-12  4.19056e-14
      12.4994  1.59780e-12  4.10072e-14
      12.6002  1.62616e-12  5.03921e-14
      12.7010  1.64216e-12  4.01182e-14
      12.7999  1.62638e-12  4.42833e-14
      12.8987  1.64134e-12  3.25557e-14
      12.9995  1.63849e-12  4.03215e-14
      13.1003  1.62012e-12  3.03680e-14
