2 Pallas
      8.19998  5.65474e-13  3.82764e-14
      8.30078  5.78495e-13  4.98090e-14
      8.40157  6.09015e-13  2.59808e-14
      8.50237  6.20771e-13  3.26915e-14
      8.60127  6.46193e-13  2.82801e-14
      8.70008  6.63856e-13  1.86849e-14
      8.79888  6.92244e-13  3.06418e-14
      8.89779  7.19059e-13  2.45291e-14
      8.99858  7.37151e-13  1.05432e-14
      9.09937  7.59994e-13  3.26124e-14
      9.20017  7.73803e-13  2.76188e-14
      10.2004  9.74188e-13  2.96766e-14
      10.3011  9.78252e-13  2.05634e-14
      10.4019  1.00305e-12  1.84047e-14
      10.5027  1.00532e-12  1.53260e-14
      10.6016  1.01543e-12  1.13602e-14
      10.6985  1.02776e-12  2.17763e-14
      10.7974  1.02550e-12  1.92763e-14
      10.8982  1.04739e-12  1.34394e-14
      10.9990  1.06026e-12  2.28284e-14
      11.0997  1.08093e-12  1.52742e-14
      11.2005  1.08376e-12  1.53242e-14
      11.3013  1.07902e-12  1.49287e-14
      11.4021  1.09458e-12  1.14502e-14
      11.5010  1.10316e-12  1.55759e-14
      11.5998  1.11561e-12  1.65145e-14
      11.6986  1.10978e-12  2.32838e-14
      11.7975  1.11890e-12  3.07992e-14
      11.8983  1.12516e-12  2.95238e-14
      11.9991  1.12603e-12  1.12111e-14
      12.0999  1.13048e-12  1.53136e-14
      12.2007  1.13489e-12  1.77418e-14
      12.3015  1.12751e-12  3.64673e-14
      12.4023  1.12458e-12  3.26474e-14
      12.5012  1.11079e-12  4.59336e-14
      12.6000  1.11568e-12  5.64203e-14
      12.6988  1.17392e-12  3.98848e-14
      12.7977  1.15038e-12  6.82410e-14
      12.8985  1.13522e-12  4.79651e-14
      12.9993  1.15986e-12  4.80171e-14
      13.1001  1.16773e-12  2.00419e-14
