2 Pallas
      8.10004  2.50571e-12  1.22522e-13
      8.19890  2.57605e-12  1.43712e-13
      8.29970  2.62017e-12  8.80760e-14
      8.40050  2.69324e-12  1.09625e-13
      8.50130  2.75692e-12  1.85926e-13
      8.60015  2.80360e-12  1.63150e-13
      8.69902  2.88476e-12  8.97685e-14
      8.79982  2.98814e-12  1.29132e-13
      8.90062  3.02926e-12  1.25921e-13
      9.00142  3.13922e-12  1.00581e-13
      9.10029  3.24186e-12  1.31220e-13
      9.19914  3.30862e-12  9.55771e-14
      10.3002  3.92395e-12  4.76563e-14
      10.4010  3.96220e-12  4.64556e-14
      10.4998  3.98912e-12  4.93081e-14
      10.5987  4.04530e-12  5.89348e-14
      10.6995  4.07423e-12  6.97025e-14
      10.8003  4.13896e-12  8.73075e-14
      10.9011  4.10343e-12  5.70420e-14
      11.0000  4.12355e-12  4.14151e-14
      11.0988  4.16353e-12  3.40465e-14
      11.1996  4.23830e-12  5.10286e-14
      11.3004  4.23601e-12  4.76867e-14
      11.3993  4.23188e-12  9.64796e-14
      11.4982  4.27156e-12  5.63560e-14
      11.5990  4.28289e-12  8.21107e-14
      11.6998  4.21967e-12  8.93584e-14
      11.8006  4.25943e-12  6.59909e-14
      11.9014  4.39330e-12  7.24254e-14
      12.0002  4.37420e-12  1.49982e-13
      12.0991  4.32770e-12  1.14648e-13
      12.1999  4.32158e-12  1.03789e-13
      12.3007  4.38929e-12  9.95775e-14
      12.3995  4.42110e-12  1.56922e-13
      12.4984  4.35039e-12  1.67829e-13
      12.5992  4.24283e-12  1.62014e-13
      12.7000  4.31905e-12  7.52863e-14
      12.8008  4.34222e-12  1.45682e-13
      12.9016  4.39794e-12  1.33660e-13
      13.0005  4.37260e-12  9.32104e-14
      13.0993  4.39922e-12  1.21912e-13
