11 Parthenope
      8.10196  3.51078e-13  2.94101e-14
      8.20086  3.59727e-13  3.33760e-14
      8.29968  3.54233e-13  2.48922e-14
      8.40048  3.67196e-13  2.24653e-14
      8.49931  3.95696e-13  1.43832e-14
      8.59821  3.88777e-13  2.15519e-14
      8.69901  4.10707e-13  2.21449e-14
      8.79981  4.12343e-13  1.77574e-14
      8.90061  4.16261e-13  1.49639e-14
      9.00141  4.24705e-13  1.55901e-14
      9.10221  4.32723e-13  7.85655e-15
      9.20111  4.38986e-13  9.28465e-15
      10.3002  4.94926e-13  8.92166e-15
      10.3990  4.92395e-13  1.75877e-14
      10.4979  5.01678e-13  1.65984e-14
      10.5987  4.99720e-13  1.29974e-14
      10.6995  5.05073e-13  7.53162e-15
      10.8003  5.07697e-13  1.08081e-14
      10.9011  5.16820e-13  1.02888e-14
      11.0019  5.09900e-13  3.98111e-15
      11.1008  5.11370e-13  7.02793e-15
      11.1996  5.07733e-13  9.27389e-15
      11.3004  5.11234e-13  5.57432e-15
      11.3993  5.15832e-13  8.60830e-15
      11.4981  5.18876e-13  7.14994e-15
      11.5989  5.23748e-13  4.37732e-15
      11.6997  5.20133e-13  7.44007e-15
      11.8005  5.19744e-13  1.08347e-14
      11.9013  5.26897e-13  1.21078e-14
      12.0021  5.23559e-13  1.54012e-14
      12.1010  5.12729e-13  1.70188e-14
      12.1999  5.11185e-13  8.81840e-15
      12.3007  5.13412e-13  1.11174e-14
      12.3995  5.11568e-13  9.51229e-15
      12.4984  4.91418e-13  3.08846e-14
      12.5992  5.06905e-13  4.60392e-14
      12.7000  5.15083e-13  1.91342e-14
      12.8008  5.05860e-13  2.22561e-14
      12.9016  4.98564e-13  2.44930e-14
      13.0005  5.07407e-13  1.25802e-14
      13.0993  5.14826e-13  2.30272e-14
