4 Vesta
      8.10103  2.53583e-12  8.52443e-14
      8.20183  2.67116e-12  9.68275e-14
      8.30263  2.69648e-12  8.76095e-14
      8.40343  2.84612e-12  7.60538e-14
      8.50035  2.88618e-12  7.88963e-14
      8.59727  2.93267e-12  5.85622e-14
      8.69807  3.02794e-12  6.95430e-14
      8.79887  3.05770e-12  8.11657e-14
      8.89968  3.14613e-12  7.24917e-14
      9.00047  3.19113e-12  7.61659e-14
      9.10127  3.22256e-12  4.32755e-14
      9.20207  3.27823e-12  4.84602e-14
      10.2023  3.84585e-12  4.07076e-14
      10.3031  3.86096e-12  6.33591e-14
      10.4000  3.94254e-12  4.87175e-14
      10.4970  3.98555e-12  4.31936e-14
      10.5978  4.01584e-12  3.19589e-14
      10.6986  4.01926e-12  2.10249e-14
      10.7994  4.04705e-12  5.13340e-14
      10.9002  4.13685e-12  4.67006e-14
      11.0010  4.19070e-12  2.96019e-14
      11.1018  4.20157e-12  3.10202e-14
      11.2026  4.18911e-12  3.35417e-14
      11.3015  4.17098e-12  4.51982e-14
      11.3983  4.22625e-12  4.52793e-14
      11.4972  4.25738e-12  2.77556e-14
      11.5980  4.28292e-12  4.30893e-14
      11.6988  4.28911e-12  2.73628e-14
      11.7996  4.30657e-12  3.75989e-14
      11.9004  4.31906e-12  2.80776e-14
      12.0012  4.35386e-12  3.98040e-14
      12.1020  4.32361e-12  5.20929e-14
      12.2028  4.31196e-12  7.00053e-14
      12.3017  4.32693e-12  4.95525e-14
      12.3985  4.34115e-12  8.30050e-14
      12.4975  4.38641e-12  1.24053e-13
      12.5983  4.33818e-12  6.61725e-14
      12.6991  4.39595e-12  7.18530e-14
      12.7999  4.41838e-12  8.07520e-14
      12.9007  4.42771e-12  1.05452e-13
      13.0015  4.44061e-12  9.11500e-14
      13.1023  4.48455e-12  1.24789e-13
