4 Vesta
      8.19866  3.07076e-12  8.84016e-14
      8.29946  3.03572e-12  1.45217e-13
      8.40025  3.20869e-12  1.29624e-13
      8.50104  3.29133e-12  1.55161e-13
      8.59990  3.34885e-12  1.10484e-13
      8.69875  3.40506e-12  7.03033e-14
      8.79955  3.52382e-12  1.24507e-13
      8.90034  3.55899e-12  1.01221e-13
      9.00114  3.60902e-12  1.05210e-13
      9.09999  3.66993e-12  9.34722e-14
      9.19885  3.74606e-12  7.78183e-14
      10.2998  4.41063e-12  3.44003e-14
      10.4006  4.43670e-12  3.78707e-14
      10.5014  4.46576e-12  4.08334e-14
      10.6003  4.53830e-12  6.62721e-14
      10.6991  4.56751e-12  3.03736e-14
      10.7999  4.62811e-12  5.30932e-14
      10.9007  4.69022e-12  3.15288e-14
      11.0015  4.72104e-12  3.47178e-14
      11.1004  4.71713e-12  2.52940e-14
      11.1992  4.71923e-12  4.69432e-14
      11.3000  4.74420e-12  3.34271e-14
      11.4008  4.79304e-12  4.71297e-14
      11.4997  4.80055e-12  3.89770e-14
      11.5985  4.79645e-12  4.41200e-14
      11.6993  4.87742e-12  6.26077e-14
      11.8001  4.84407e-12  5.98696e-14
      11.9009  4.88933e-12  5.32938e-14
      11.9998  4.84214e-12  7.36719e-14
      12.0986  4.80096e-12  4.71263e-14
      12.1994  4.77639e-12  4.81930e-14
      12.3002  4.79255e-12  7.17261e-14
      12.4010  4.78631e-12  6.34166e-14
      12.4998  4.81979e-12  1.15512e-13
      12.5987  4.87274e-12  1.01434e-13
      12.6995  4.91223e-12  1.02327e-13
      12.8003  4.86584e-12  1.57972e-13
      12.9011  4.86371e-12  1.00511e-13
      12.9999  4.88495e-12  1.09027e-13
      13.0988  4.82135e-12  1.01117e-13
      13.1996  4.72047e-12  9.90591e-14
